,Path,Rights,SAMAccountName,Scope,Type,Version,Volume,_id
0,/HOME,"Read,ReadAndExecute,Synchronize,Write,Delete,CreateFiles,CreateDirectories,Modify,ListDirectory",MUO535,ThisFolderSubFoldersAndFiles,UsualConvertedRight,2,VOLDATAH,5a685d0d2525b999759218d1
1,/HOME/LMPR,"Read,ReadAndExecute,Synchronize,Write,Delete,CreateFiles,CreateDirectories,Modify,ListDirectory",LMPR,ThisFolderSubFoldersAndFiles,UsualConvertedRight,2,VOLDATAH,5a685d0d2525b999759218d3
2,/HOME/CCAO,"Read,ReadAndExecute,Synchronize,Write,Delete,CreateFiles,CreateDirectories,Modify,ListDirectory",HBW809,ThisFolderSubFoldersAndFiles,UsualConvertedRight,2,VOLDATAH,5a685d0d2525b999759218d5
3,/HOME/AMLI,"Read,ReadAndExecute,Synchronize,Write,Delete,CreateFiles,CreateDirectories,Modify,ListDirectory",MFR349,ThisFolderSubFoldersAndFiles,UsualConvertedRight,2,VOLDATAH,5a685d0d2525b999759218d7
4,/HOME/STEARTH3,"Read,ReadAndExecute,Synchronize,Write,Delete,CreateFiles,CreateDirectories,Modify,ListDirectory",STEARTH3,ThisFolderSubFoldersAndFiles,UsualConvertedRight,2,VOLDATAH,5a685d0d2525b999759218d9
5,/HOME/KLBE,"Read,ReadAndExecute,Synchronize,Write,Delete,CreateFiles,CreateDirectories,Modify,ListDirectory",KLBE,ThisFolderSubFoldersAndFiles,UsualConvertedRight,2,VOLDATAH,5a685d0d2525b999759218db
6,/HOME/PIGISTE2,"Read,ReadAndExecute,Synchronize,Write,Delete,CreateFiles,CreateDirectories,Modify,ListDirectory,ReadPermissions,ChangePermissions",PIGISTE2,ThisFolderSubFoldersAndFiles,UsualConvertedRight,2,VOLDATAH,5a685d0d2525b999759218dd
7,/HOME/CVIT,"Read,ReadAndExecute,Synchronize,Write,Delete,CreateFiles,CreateDirectories,Modify,ListDirectory,ReadPermissions,ChangePermissions",CVIT,ThisFolderSubFoldersAndFiles,UsualConvertedRight,2,VOLDATAH,5a685d0d2525b999759218df
8,/HOME/AAIE,"Read,ReadAndExecute,Synchronize,Write,Delete,CreateFiles,CreateDirectories,Modify,ListDirectory",OLL635,ThisFolderSubFoldersAndFiles,UsualConvertedRight,2,VOLDATAH,5a685d0d2525b999759218e1
9,/HOME/AANR,"Read,ReadAndExecute,Synchronize,Write,Delete,CreateFiles,CreateDirectories,Modify,ListDirectory,ReadPermissions,ChangePermissions",VSD421,ThisFolderSubFoldersAndFiles,UsualConvertedRight,2,VOLDATAH,5a685d0d2525b999759218e3
10,/HOME/ABAD,"Read,ReadAndExecute,Synchronize,Write,Delete,CreateFiles,CreateDirectories,Modify,ListDirectory",ABAD,ThisFolderSubFoldersAndFiles,UsualConvertedRight,2,VOLDATAH,5a685d0d2525b999759218e5
11,/HOME/ABNT,"Read,ReadAndExecute,Synchronize,Write,Delete,CreateFiles,CreateDirectories,Modify,ListDirectory",FPV976,ThisFolderSubFoldersAndFiles,UsualConvertedRight,2,VOLDATAH,5a685d0d2525b999759218e7
12,/HOME/ABOY,"Read,ReadAndExecute,Synchronize,Write,Delete,CreateFiles,CreateDirectories,Modify,ListDirectory",RIG317,ThisFolderSubFoldersAndFiles,UsualConvertedRight,2,VOLDATAH,5a685d0d2525b999759218e9
13,/HOME/ACAI,"Read,ReadAndExecute,Synchronize,Write,Delete,CreateFiles,CreateDirectories,Modify,ListDirectory",KDS944,ThisFolderSubFoldersAndFiles,UsualConvertedRight,2,VOLDATAH,5a685d0d2525b999759218eb
14,/HOME/ACCUEIL1,"Read,ReadAndExecute,Synchronize,Write,Delete,CreateFiles,CreateDirectories,Modify,ListDirectory",ACCUEIL1,ThisFolderSubFoldersAndFiles,UsualConvertedRight,2,VOLDATAH,5a685d0d2525b999759218ed
15,/HOME/ADLE,"Read,ReadAndExecute,Synchronize,Write,Delete,CreateFiles,CreateDirectories,Modify,ListDirectory,ReadPermissions,ChangePermissions",GIF939,ThisFolderSubFoldersAndFiles,UsualConvertedRight,2,VOLDATAH,5a685d0d2525b999759218ef
16,/HOME/ADLR,"Read,ReadAndExecute,Synchronize,Write,Delete,CreateFiles,CreateDirectories,Modify,ListDirectory",WOR020,ThisFolderSubFoldersAndFiles,UsualConvertedRight,2,VOLDATAH,5a685d0d2525b999759218f1
17,/HOME/ADSG,"Read,ReadAndExecute,Synchronize,Write,Delete,CreateFiles,CreateDirectories,Modify,ListDirectory",ZKM894,ThisFolderSubFoldersAndFiles,UsualConvertedRight,2,VOLDATAH,5a685d0d2525b999759218f3
18,/HOME/AFCT,"Read,ReadAndExecute,Synchronize,Write,Delete,CreateFiles,CreateDirectories,Modify,ListDirectory",AJJ639,ThisFolderSubFoldersAndFiles,UsualConvertedRight,2,VOLDATAH,5a685d0d2525b999759218f5
19,/HOME/AGRE,"Read,ReadAndExecute,Synchronize,Write,Delete,CreateFiles,CreateDirectories,Modify,ListDirectory",AGRE,ThisFolderSubFoldersAndFiles,UsualConvertedRight,2,VOLDATAH,5a685d0d2525b999759218f7
20,/HOME/AHDD,"Read,ReadAndExecute,Synchronize,Write,Delete,CreateFiles,CreateDirectories,Modify,ListDirectory",AHDD,ThisFolderSubFoldersAndFiles,UsualConvertedRight,2,VOLDATAH,5a685d0d2525b999759218f9
21,/HOME/AJLY,"Read,ReadAndExecute,Synchronize,Write,Delete,CreateFiles,CreateDirectories,Modify,ListDirectory",QMT594,ThisFolderSubFoldersAndFiles,UsualConvertedRight,2,VOLDATAH,5a685d0d2525b999759218fb
22,/HOME/AKIN,"Read,ReadAndExecute,Synchronize,Write,Delete,CreateFiles,CreateDirectories,Modify,ListDirectory",AKIN,ThisFolderSubFoldersAndFiles,UsualConvertedRight,2,VOLDATAH,5a685d0d2525b999759218fd
23,/HOME/ALBN,"Read,ReadAndExecute,Synchronize,Write,Delete,CreateFiles,CreateDirectories,Modify,ListDirectory",WHB662,ThisFolderSubFoldersAndFiles,UsualConvertedRight,2,VOLDATAH,5a685d0d2525b999759218ff
24,/HOME/ALFT,"Read,ReadAndExecute,Synchronize,Write,Delete,CreateFiles,CreateDirectories,Modify,ListDirectory",ALFT,ThisFolderSubFoldersAndFiles,UsualConvertedRight,2,VOLDATAH,5a685d0d2525b99975921901
25,/HOME/AMRX,"Read,ReadAndExecute,Synchronize,Write,Delete,CreateFiles,CreateDirectories,Modify,ListDirectory",AMRX,ThisFolderSubFoldersAndFiles,UsualConvertedRight,2,VOLDATAH,5a685d0d2525b99975921903
26,/HOME/AMSL,"Read,ReadAndExecute,Synchronize,Write,Delete,CreateFiles,CreateDirectories,Modify,ListDirectory",KDE014,ThisFolderSubFoldersAndFiles,UsualConvertedRight,2,VOLDATAH,5a685d0d2525b99975921905
27,/HOME/AMSS,"Read,ReadAndExecute,Synchronize,Write,Delete,CreateFiles,CreateDirectories,Modify,ListDirectory",SHW644,ThisFolderSubFoldersAndFiles,UsualConvertedRight,2,VOLDATAH,5a685d0d2525b99975921907
28,/HOME/AMTO,"Read,ReadAndExecute,Synchronize,Write,Delete,CreateFiles,CreateDirectories,Modify,ListDirectory",BDV628,ThisFolderSubFoldersAndFiles,UsualConvertedRight,2,VOLDATAH,5a685d0d2525b99975921909
29,/HOME/archives,"Read,ReadAndExecute,Synchronize,Write,Delete,CreateFiles,CreateDirectories,Modify,ListDirectory",archives,ThisFolderSubFoldersAndFiles,UsualConvertedRight,2,VOLDATAH,5a685d0d2525b9997592190b
30,/HOME/ARLS,"Read,ReadAndExecute,Synchronize,Write,Delete,CreateFiles,CreateDirectories,Modify,ListDirectory",RJJ625,ThisFolderSubFoldersAndFiles,UsualConvertedRight,2,VOLDATAH,5a685d0d2525b9997592190d
31,/HOME/ASAA,"Read,ReadAndExecute,Synchronize,Write,Delete,CreateFiles,CreateDirectories,Modify,ListDirectory",QWM698,ThisFolderSubFoldersAndFiles,UsualConvertedRight,2,VOLDATAH,5a685d0d2525b9997592190f
32,/HOME/ASAI,"Read,ReadAndExecute,Synchronize,Write,Delete,CreateFiles,CreateDirectories,Modify,ListDirectory",PRL684,ThisFolderSubFoldersAndFiles,UsualConvertedRight,2,VOLDATAH,5a685d0d2525b99975921911
33,/HOME/ASFT,"Read,ReadAndExecute,Synchronize,Write,Delete,CreateFiles,CreateDirectories,Modify,ListDirectory",ASFT,ThisFolderSubFoldersAndFiles,UsualConvertedRight,2,VOLDATAH,5a685d0d2525b99975921913
34,/HOME/ASII,"Read,ReadAndExecute,Synchronize,Write,Delete,CreateFiles,CreateDirectories,Modify,ListDirectory",UYN913,ThisFolderSubFoldersAndFiles,UsualConvertedRight,2,VOLDATAH,5a685d0d2525b99975921915
35,/HOME/ASRR,"Read,ReadAndExecute,Synchronize,Write,Delete,CreateFiles,CreateDirectories,Modify,ListDirectory",ASRR,ThisFolderSubFoldersAndFiles,UsualConvertedRight,2,VOLDATAH,5a685d0d2525b99975921917
36,/HOME/ASTE,"Read,ReadAndExecute,Synchronize,Write,Delete,CreateFiles,CreateDirectories,Modify,ListDirectory",FZU550,ThisFolderSubFoldersAndFiles,UsualConvertedRight,2,VOLDATAH,5a685d0d2525b99975921919
37,/HOME/ATXR,"Read,ReadAndExecute,Synchronize,Write,Delete,CreateFiles,CreateDirectories,Modify,ListDirectory",HKU340,ThisFolderSubFoldersAndFiles,UsualConvertedRight,2,VOLDATAH,5a685d0d2525b9997592191b
38,/HOME/AUDIT_MAF,"Read,ReadAndExecute,Synchronize,Write,Delete,CreateFiles,CreateDirectories,Modify,ListDirectory",AUDIT_MAF,ThisFolderSubFoldersAndFiles,UsualConvertedRight,2,VOLDATAH,5a685d0d2525b9997592191d
39,/HOME/AUTOLIB1,"Read,ReadAndExecute,Synchronize,Write,Delete,CreateFiles,CreateDirectories,Modify,ListDirectory",AUTOLIB1,ThisFolderSubFoldersAndFiles,UsualConvertedRight,2,VOLDATAH,5a685d0d2525b9997592191f
40,/HOME/AUTOLIB2,"Read,ReadAndExecute,Synchronize,Write,Delete,CreateFiles,CreateDirectories,Modify,ListDirectory",AUTOLIB2,ThisFolderSubFoldersAndFiles,UsualConvertedRight,2,VOLDATAH,5a685d0d2525b99975921921
41,/HOME/AUTOLIB3,"Read,ReadAndExecute,Synchronize,Write,Delete,CreateFiles,CreateDirectories,Modify,ListDirectory",AUTOLIB3,ThisFolderSubFoldersAndFiles,UsualConvertedRight,2,VOLDATAH,5a685d0d2525b99975921923
42,/HOME/AVCT,"Read,ReadAndExecute,Synchronize,Write,Delete,CreateFiles,CreateDirectories,Modify,ListDirectory",FTF389,ThisFolderSubFoldersAndFiles,UsualConvertedRight,2,VOLDATAH,5a685d0d2525b99975921925
43,/HOME/AVNE,"Read,ReadAndExecute,Synchronize,Write,Delete,CreateFiles,CreateDirectories,Modify,ListDirectory",AVNE,ThisFolderSubFoldersAndFiles,UsualConvertedRight,2,VOLDATAH,5a685d0d2525b99975921927
44,/HOME/AZZA,"Read,ReadAndExecute,Synchronize,Write,Delete,CreateFiles,CreateDirectories,Modify,ListDirectory",OVQ256,ThisFolderSubFoldersAndFiles,UsualConvertedRight,2,VOLDATAH,5a685d0d2525b99975921929
45,/HOME/BADGE1,"Read,ReadAndExecute,Synchronize,Write,Delete,CreateFiles,CreateDirectories,Modify,ListDirectory",LSK450,ThisFolderSubFoldersAndFiles,UsualConvertedRight,2,VOLDATAH,5a685d0d2525b9997592192b
46,/HOME/BADGE2,"Read,ReadAndExecute,Synchronize,Write,Delete,CreateFiles,CreateDirectories,Modify,ListDirectory",KXU805,ThisFolderSubFoldersAndFiles,UsualConvertedRight,2,VOLDATAH,5a685d0d2525b9997592192d
47,/HOME/BCSS,"Read,ReadAndExecute,Synchronize,Write,Delete,CreateFiles,CreateDirectories,Modify,ListDirectory",EYR192,ThisFolderSubFoldersAndFiles,UsualConvertedRight,2,VOLDATAH,5a685d0d2525b9997592192f
48,/HOME/BCVE,"Read,ReadAndExecute,Synchronize,Write,Delete,CreateFiles,CreateDirectories,Modify,ListDirectory",BCVE,ThisFolderSubFoldersAndFiles,UsualConvertedRight,2,VOLDATAH,5a685d0d2525b99975921931
49,/HOME/BDTD,"Read,ReadAndExecute,Synchronize,Write,Delete,CreateFiles,CreateDirectories,Modify,ListDirectory",BDTD,ThisFolderSubFoldersAndFiles,UsualConvertedRight,2,VOLDATAH,5a685d0d2525b99975921933
50,/HOME/BFVE,"Read,ReadAndExecute,Synchronize,Write,Delete,CreateFiles,CreateDirectories,Modify,ListDirectory",JIV604,ThisFolderSubFoldersAndFiles,UsualConvertedRight,2,VOLDATAH,5a685d0d2525b99975921935
51,/HOME/BGDN,"Read,ReadAndExecute,Synchronize,Write,Delete,CreateFiles,CreateDirectories,Modify,ListDirectory",BGDN,ThisFolderSubFoldersAndFiles,UsualConvertedRight,2,VOLDATAH,5a685d0d2525b99975921937
52,/HOME/BHRL,"Read,ReadAndExecute,Synchronize,Write,Delete,CreateFiles,CreateDirectories,Modify,ListDirectory",VGS078,ThisFolderSubFoldersAndFiles,UsualConvertedRight,2,VOLDATAH,5a685d0d2525b99975921939
53,/HOME/BIBLIO,"Read,ReadAndExecute,Synchronize,Write,Delete,CreateFiles,CreateDirectories,Modify,ListDirectory",EJC191,ThisFolderSubFoldersAndFiles,UsualConvertedRight,2,VOLDATAH,5a685d0d2525b9997592193b
54,/HOME/BMQS,"Read,ReadAndExecute,Synchronize,Write,Delete,CreateFiles,CreateDirectories,Modify,ListDirectory",TYE450,ThisFolderSubFoldersAndFiles,UsualConvertedRight,2,VOLDATAH,5a685d0d2525b9997592193d
55,/HOME/BRG,"Read,ReadAndExecute,Synchronize,Write,Delete,CreateFiles,CreateDirectories,Modify,ListDirectory",BRG,ThisFolderSubFoldersAndFiles,UsualConvertedRight,2,VOLDATAH,5a685d0d2525b9997592193f
56,/HOME/BZTA,"Read,ReadAndExecute,Synchronize,Write,Delete,CreateFiles,CreateDirectories,Modify,ListDirectory",UMR612,ThisFolderSubFoldersAndFiles,UsualConvertedRight,2,VOLDATAH,5a685d0d2525b99975921941
57,/HOME/CBOE,"Read,ReadAndExecute,Synchronize,Write,Delete,CreateFiles,CreateDirectories,Modify,ListDirectory",RNM473,ThisFolderSubFoldersAndFiles,UsualConvertedRight,2,VOLDATAH,5a685d0d2525b99975921943
58,/HOME/CCAT,"Read,ReadAndExecute,Synchronize,Write,Delete,CreateFiles,CreateDirectories,Modify,ListDirectory",EZI653,ThisFolderSubFoldersAndFiles,UsualConvertedRight,2,VOLDATAH,5a685d0d2525b99975921945
59,/HOME/CCCR,"Read,ReadAndExecute,Synchronize,Write,Delete,CreateFiles,CreateDirectories,Modify,ListDirectory",AUW076,ThisFolderSubFoldersAndFiles,UsualConvertedRight,2,VOLDATAH,5a685d0d2525b99975921947
60,/HOME/CCLL,"Read,ReadAndExecute,Synchronize,Write,Delete,CreateFiles,CreateDirectories,Modify,ListDirectory",JPS180,ThisFolderSubFoldersAndFiles,UsualConvertedRight,2,VOLDATAH,5a685d0d2525b99975921949
61,/HOME/CCNS,"Read,ReadAndExecute,Synchronize,Write,Delete,CreateFiles,CreateDirectories,Modify,ListDirectory",CCNS,ThisFolderSubFoldersAndFiles,UsualConvertedRight,2,VOLDATAH,5a685d0d2525b9997592194b
62,/HOME/CCUE,"Read,ReadAndExecute,Synchronize,Write,Delete,CreateFiles,CreateDirectories,Modify,ListDirectory",JSA402,ThisFolderSubFoldersAndFiles,UsualConvertedRight,2,VOLDATAH,5a685d0d2525b9997592194d
63,/HOME/CDAS,"Read,ReadAndExecute,Synchronize,Write,Delete,CreateFiles,CreateDirectories,Modify,ListDirectory",KYI634,ThisFolderSubFoldersAndFiles,UsualConvertedRight,2,VOLDATAH,5a685d0d2525b9997592194f
64,/HOME/CDBT,"Read,ReadAndExecute,Synchronize,Write,Delete,CreateFiles,CreateDirectories,Modify,ListDirectory",BBM545,ThisFolderSubFoldersAndFiles,UsualConvertedRight,2,VOLDATAH,5a685d0d2525b99975921951
65,/HOME/CDCR,"Read,ReadAndExecute,Synchronize,Write,Delete,CreateFiles,CreateDirectories,Modify,ListDirectory",PAS313,ThisFolderSubFoldersAndFiles,UsualConvertedRight,2,VOLDATAH,5a685d0d2525b99975921953
66,/HOME/CDOG,"Read,ReadAndExecute,Synchronize,Write,Delete,CreateFiles,CreateDirectories,Modify,ListDirectory",CDOG,ThisFolderSubFoldersAndFiles,UsualConvertedRight,2,VOLDATAH,5a685d0d2525b99975921955
67,/HOME/CFSR,"Read,ReadAndExecute,Synchronize,Write,Delete,CreateFiles,CreateDirectories,Modify,ListDirectory",YOP035,ThisFolderSubFoldersAndFiles,UsualConvertedRight,2,VOLDATAH,5a685d0d2525b99975921957
68,/HOME/CGOE,"Read,ReadAndExecute,Synchronize,Write,Delete,CreateFiles,CreateDirectories,Modify,ListDirectory",CGOE,ThisFolderSubFoldersAndFiles,UsualConvertedRight,2,VOLDATAH,5a685d0d2525b99975921959
69,/HOME/CGWL,"Read,ReadAndExecute,Synchronize,Write,Delete,CreateFiles,CreateDirectories,Modify,ListDirectory",CGWL,ThisFolderSubFoldersAndFiles,UsualConvertedRight,2,VOLDATAH,5a685d0d2525b9997592195b
70,/HOME/CHAUFDIR,"Read,ReadAndExecute,Synchronize,Write,Delete,CreateFiles,CreateDirectories,Modify,ListDirectory",LUQ428,ThisFolderSubFoldersAndFiles,UsualConvertedRight,2,VOLDATAH,5a685d0d2525b9997592195d
71,/HOME/CHAUDIR2,"Read,ReadAndExecute,Synchronize,Write,Delete,CreateFiles,CreateDirectories,Modify,ListDirectory",HUM427,ThisFolderSubFoldersAndFiles,UsualConvertedRight,2,VOLDATAH,5a685d0d2525b9997592195f
72,/HOME/CKAL,"Read,ReadAndExecute,Synchronize,Write,Delete,CreateFiles,CreateDirectories,Modify,ListDirectory",GOM853,ThisFolderSubFoldersAndFiles,UsualConvertedRight,2,VOLDATAH,5a685d0d2525b99975921961
73,/HOME/CLGC,"Read,ReadAndExecute,Synchronize,Write,Delete,CreateFiles,CreateDirectories,Modify,ListDirectory",XOQ860,ThisFolderSubFoldersAndFiles,UsualConvertedRight,2,VOLDATAH,5a685d0d2525b99975921963
74,/HOME/CLRT,"Read,ReadAndExecute,Synchronize,Write,Delete,CreateFiles,CreateDirectories,Modify,ListDirectory",QWV484,ThisFolderSubFoldersAndFiles,UsualConvertedRight,2,VOLDATAH,5a685d0d2525b99975921965
75,/HOME/CLRY,"Read,ReadAndExecute,Synchronize,Write,Delete,CreateFiles,CreateDirectories,Modify,ListDirectory",ZQK133,ThisFolderSubFoldersAndFiles,UsualConvertedRight,2,VOLDATAH,5a685d0d2525b99975921967
76,/HOME/CLVN,"Read,ReadAndExecute,Synchronize,Write,Delete,CreateFiles,CreateDirectories,Modify,ListDirectory",CLVN,ThisFolderSubFoldersAndFiles,UsualConvertedRight,2,VOLDATAH,5a685d0d2525b99975921969
77,/HOME/CMBL,"Read,ReadAndExecute,Synchronize,Write,Delete,CreateFiles,CreateDirectories,Modify,ListDirectory",CMBL,ThisFolderSubFoldersAndFiles,UsualConvertedRight,2,VOLDATAH,5a685d0d2525b9997592196b
78,/HOME/CMRL,"Read,ReadAndExecute,Synchronize,Write,Delete,CreateFiles,CreateDirectories,Modify,ListDirectory",OJK230,ThisFolderSubFoldersAndFiles,UsualConvertedRight,2,VOLDATAH,5a685d0d2525b9997592196d
79,/HOME/CMRU,"Read,ReadAndExecute,Synchronize,Write,Delete,CreateFiles,CreateDirectories,Modify,ListDirectory",CMRU,ThisFolderSubFoldersAndFiles,UsualConvertedRight,2,VOLDATAH,5a685d0d2525b9997592196f
80,/HOME/CMTN,"Read,ReadAndExecute,Synchronize,Write,Delete,CreateFiles,CreateDirectories,Modify,ListDirectory,ReadPermissions,ChangePermissions",THI455,ThisFolderSubFoldersAndFiles,UsualConvertedRight,2,VOLDATAH,5a685d0d2525b99975921971
81,/HOME/CONSM1,"Read,ReadAndExecute,Synchronize,Write,Delete,CreateFiles,CreateDirectories,Modify,ListDirectory",CONSM1,ThisFolderSubFoldersAndFiles,UsualConvertedRight,2,VOLDATAH,5a685d0d2525b99975921973
82,/HOME/COURRIE8,"Read,ReadAndExecute,Synchronize,Write,Delete,CreateFiles,CreateDirectories,Modify,ListDirectory",COURRIE8,ThisFolderSubFoldersAndFiles,UsualConvertedRight,2,VOLDATAH,5a685d0d2525b99975921975
83,/HOME/COURRIER,"Read,ReadAndExecute,Synchronize,Write,Delete,CreateFiles,CreateDirectories,Modify,ListDirectory",QJK032,ThisFolderSubFoldersAndFiles,UsualConvertedRight,2,VOLDATAH,5a685d0d2525b99975921977
84,/HOME/CPTY,"Read,ReadAndExecute,Synchronize,Write,Delete,CreateFiles,CreateDirectories,Modify,ListDirectory",CPI694,ThisFolderSubFoldersAndFiles,UsualConvertedRight,2,VOLDATAH,5a685d0d2525b99975921979
85,/HOME/CRJO,"Read,ReadAndExecute,Synchronize,Write,Delete,CreateFiles,CreateDirectories,Modify,ListDirectory",NHH017,ThisFolderSubFoldersAndFiles,UsualConvertedRight,2,VOLDATAH,5a685d0d2525b9997592197b
86,/HOME/CSDR,"Read,ReadAndExecute,Synchronize,Write,Delete,CreateFiles,CreateDirectories,Modify,ListDirectory",CVK678,ThisFolderSubFoldersAndFiles,UsualConvertedRight,2,VOLDATAH,5a685d0d2525b9997592197d
87,/HOME/CSYT,"Read,ReadAndExecute,Synchronize,Write,Delete,CreateFiles,CreateDirectories,Modify,ListDirectory",PYJ277,ThisFolderSubFoldersAndFiles,UsualConvertedRight,2,VOLDATAH,5a685d0d2525b9997592197f
88,/HOME/CVDR,"Read,ReadAndExecute,Synchronize,Write,Delete,CreateFiles,CreateDirectories,Modify,ListDirectory",CVDR,ThisFolderSubFoldersAndFiles,UsualConvertedRight,2,VOLDATAH,5a685d0d2525b99975921981
89,/HOME/CVIE,"Read,ReadAndExecute,Synchronize,Write,Delete,CreateFiles,CreateDirectories,Modify,ListDirectory",ASR670,ThisFolderSubFoldersAndFiles,UsualConvertedRight,2,VOLDATAH,5a685d0d2525b99975921983
90,/HOME/CVUX,"Read,ReadAndExecute,Synchronize,Write,Delete,CreateFiles,CreateDirectories,Modify,ListDirectory",UEX019,ThisFolderSubFoldersAndFiles,UsualConvertedRight,2,VOLDATAH,5a685d0d2525b99975921985
91,/HOME/DAON,"Read,ReadAndExecute,Synchronize,Write,Delete,CreateFiles,CreateDirectories,Modify,ListDirectory",DAON,ThisFolderSubFoldersAndFiles,UsualConvertedRight,2,VOLDATAH,5a685d0d2525b99975921987
92,/HOME/DBTN,"Read,ReadAndExecute,Synchronize,Write,Delete,CreateFiles,CreateDirectories,Modify,ListDirectory",UJF708,ThisFolderSubFoldersAndFiles,UsualConvertedRight,2,VOLDATAH,5a685d0d2525b99975921989
93,/HOME/DDNI,"Read,ReadAndExecute,Synchronize,Write,Delete,CreateFiles,CreateDirectories,Modify,ListDirectory",SGD011,ThisFolderSubFoldersAndFiles,UsualConvertedRight,2,VOLDATAH,5a685d0d2525b9997592198b
94,/HOME/DGIY,"Read,ReadAndExecute,Synchronize,Write,Delete,CreateFiles,CreateDirectories,Modify,ListDirectory",TJH375,ThisFolderSubFoldersAndFiles,UsualConvertedRight,2,VOLDATAH,5a685d0d2525b9997592198d
95,/HOME/DIRACHAT,"Read,ReadAndExecute,Synchronize,Write,Delete,CreateFiles,CreateDirectories,Modify,ListDirectory",DIRACHAT,ThisFolderSubFoldersAndFiles,UsualConvertedRight,2,VOLDATAH,5a685d0d2525b9997592198f
96,/HOME/DMATIN1,"Read,ReadAndExecute,Synchronize,Write,Delete,CreateFiles,CreateDirectories,Modify,ListDirectory",DWB631,ThisFolderSubFoldersAndFiles,UsualConvertedRight,2,VOLDATAH,5a685d0d2525b99975921991
97,/HOME/DMIS ,"Read,ReadAndExecute,Synchronize,Write,Delete,CreateFiles,CreateDirectories,Modify,ListDirectory",INX441,ThisFolderSubFoldersAndFiles,UsualConvertedRight,2,VOLDATAH,5a685d0d2525b99975921993
98,/HOME/DOFO,"Read,ReadAndExecute,Synchronize,Write,Delete,CreateFiles,CreateDirectories,Modify,ListDirectory",DKU049,ThisFolderSubFoldersAndFiles,UsualConvertedRight,2,VOLDATAH,5a685d0d2525b99975921995
99,/HOME/DRDU,"Read,ReadAndExecute,Synchronize,Write,Delete,CreateFiles,CreateDirectories,Modify,ListDirectory",TJF047,ThisFolderSubFoldersAndFiles,UsualConvertedRight,2,VOLDATAH,5a685d0d2525b99975921997
100,/HOME/DVCN,"Read,ReadAndExecute,Synchronize,Write,Delete,CreateFiles,CreateDirectories,Modify,ListDirectory,ReadPermissions,ChangePermissions",HMF554,ThisFolderSubFoldersAndFiles,UsualConvertedRight,2,VOLDATAH,5a685d0d2525b99975921999
101,/HOME/DVVR,"Read,ReadAndExecute,Synchronize,Write,Delete,CreateFiles,CreateDirectories,Modify,ListDirectory",DVVR,ThisFolderSubFoldersAndFiles,UsualConvertedRight,2,VOLDATAH,5a685d0d2525b9997592199b
102,/HOME/CGSD/CGOE,"Read,ReadAndExecute,Synchronize,Write,Delete,CreateFiles,CreateDirectories,Modify,ListDirectory",CGOE,ThisFolderSubFoldersAndFiles,UsualConvertedRight,2,VOLDATAH,5a685d0d2525b9997592199d
103,/HOME/CMBL/exLDHM/Fichier Presse Direct 8 20 Janv 06.xls,"Read,ReadAndExecute,Synchronize,Write,Delete,CreateFiles,CreateDirectories,Modify,ListDirectory,ReadPermissions,ChangePermissions",CMBL,ThisFolderSubFoldersAndFiles,UsualConvertedRight,2,VOLDATAH,5a685d0d2525b9997592199f
104,/HOME/CMBL/exLDHM/SWWATER.INI,"Read,ReadAndExecute,Synchronize,Write,Delete,CreateFiles,CreateDirectories,Modify,ListDirectory,ReadPermissions,ChangePermissions",CMBL,ThisFolderSubFoldersAndFiles,UsualConvertedRight,2,VOLDATAH,5a685d0d2525b999759219a1
105,/HOME/DWTS,"Read,ReadAndExecute,Synchronize,Write,Delete,CreateFiles,CreateDirectories,Modify,ListDirectory",DWTS,ThisFolderSubFoldersAndFiles,UsualConvertedRight,2,VOLDATAH,5a685d0d2525b999759219a3
106,/HOME/ECBD,"Read,ReadAndExecute,Synchronize,Write,Delete,CreateFiles,CreateDirectories,Modify,ListDirectory",ECBD,ThisFolderSubFoldersAndFiles,UsualConvertedRight,2,VOLDATAH,5a685d0d2525b999759219a5
107,/HOME/EDCT,"Read,ReadAndExecute,Synchronize,Write,Delete,CreateFiles,CreateDirectories,Modify,ListDirectory",QQO987,ThisFolderSubFoldersAndFiles,UsualConvertedRight,2,VOLDATAH,5a685d0d2525b999759219a7
108,/HOME/EDDE,"Read,ReadAndExecute,Synchronize,Write,Delete,CreateFiles,CreateDirectories,Modify,ListDirectory",EDDE,ThisFolderSubFoldersAndFiles,UsualConvertedRight,2,VOLDATAH,5a685d0d2525b999759219a9
109,/HOME/EDNS,"Read,ReadAndExecute,Synchronize,Write,Delete,CreateFiles,CreateDirectories,Modify,ListDirectory",EDNS,ThisFolderSubFoldersAndFiles,UsualConvertedRight,2,VOLDATAH,5a685d0d2525b999759219ab
110,/HOME/EDRS,"Read,ReadAndExecute,Synchronize,Write,Delete,CreateFiles,CreateDirectories,Modify,ListDirectory",EDRS,ThisFolderSubFoldersAndFiles,UsualConvertedRight,2,VOLDATAH,5a685d0d2525b999759219ad
111,/HOME/EFSR,"Read,ReadAndExecute,Synchronize,Write,Delete,CreateFiles,CreateDirectories,Modify,ListDirectory",JFA386,ThisFolderSubFoldersAndFiles,UsualConvertedRight,2,VOLDATAH,5a685d0d2525b999759219af
112,/HOME/EGEL,"Read,ReadAndExecute,Synchronize,Write,Delete,CreateFiles,CreateDirectories,Modify,ListDirectory,ReadPermissions,ChangePermissions",FLJ318,ThisFolderSubFoldersAndFiles,UsualConvertedRight,2,VOLDATAH,5a685d0d2525b999759219b1
113,/HOME/EGLN,"Read,ReadAndExecute,Synchronize,Write,Delete,CreateFiles,CreateDirectories,Modify,ListDirectory",EGLN,ThisFolderSubFoldersAndFiles,UsualConvertedRight,2,VOLDATAH,5a685d0d2525b999759219b3
114,/HOME/EHGH,"Read,ReadAndExecute,Synchronize,Write,Delete,CreateFiles,CreateDirectories,Modify,ListDirectory,ReadPermissions,ChangePermissions",LEC736,ThisFolderSubFoldersAndFiles,UsualConvertedRight,2,VOLDATAH,5a685d0d2525b999759219b5
115,/HOME/ELRL,"Read,ReadAndExecute,Synchronize,Write,Delete,CreateFiles,CreateDirectories,Modify,ListDirectory",CPR339,ThisFolderSubFoldersAndFiles,UsualConvertedRight,2,VOLDATAH,5a685d0d2525b999759219b7
116,/HOME/ERUE,"Read,ReadAndExecute,Synchronize,Write,Delete,CreateFiles,CreateDirectories,Modify,ListDirectory",YKH459,ThisFolderSubFoldersAndFiles,UsualConvertedRight,2,VOLDATAH,5a685d0d2525b999759219b9
117,/HOME/ESCT,"Read,ReadAndExecute,Synchronize,Write,Delete,CreateFiles,CreateDirectories,Modify,ListDirectory,ReadPermissions,ChangePermissions",ESCT,ThisFolderSubFoldersAndFiles,UsualConvertedRight,2,VOLDATAH,5a685d0d2525b999759219bb
118,/HOME/ETST,"Read,ReadAndExecute,Synchronize,Write,Delete,CreateFiles,CreateDirectories,Modify,ListDirectory",ETST,ThisFolderSubFoldersAndFiles,UsualConvertedRight,2,VOLDATAH,5a685d0d2525b999759219bd
119,/HOME/FBDI,"Read,ReadAndExecute,Synchronize,Write,Delete,CreateFiles,CreateDirectories,Modify,ListDirectory",FPB615,ThisFolderSubFoldersAndFiles,UsualConvertedRight,2,VOLDATAH,5a685d0d2525b999759219bf
120,/HOME/FBSD,"Read,ReadAndExecute,Synchronize,Write,Delete,CreateFiles,CreateDirectories,Modify,ListDirectory",ZYJ496,ThisFolderSubFoldersAndFiles,UsualConvertedRight,2,VOLDATAH,5a685d0d2525b999759219c1
121,/HOME/FBTU,"Read,ReadAndExecute,Synchronize,Write,Delete,CreateFiles,CreateDirectories,Modify,ListDirectory",QIA742,ThisFolderSubFoldersAndFiles,UsualConvertedRight,2,VOLDATAH,5a685d0d2525b999759219c3
122,/HOME/FCAT,"Read,ReadAndExecute,Synchronize,Write,Delete,CreateFiles,CreateDirectories,Modify,ListDirectory",HRF654,ThisFolderSubFoldersAndFiles,UsualConvertedRight,2,VOLDATAH,5a685d0d2525b999759219c5
123,/HOME/FDBT,"Read,ReadAndExecute,Synchronize,Write,Delete,CreateFiles,CreateDirectories,Modify,ListDirectory",ZCF965,ThisFolderSubFoldersAndFiles,UsualConvertedRight,2,VOLDATAH,5a685d0d2525b999759219c7
124,/HOME/FDRN,"Read,ReadAndExecute,Synchronize,Write,Delete,CreateFiles,CreateDirectories,Modify,ListDirectory",ZDI813,ThisFolderSubFoldersAndFiles,UsualConvertedRight,2,VOLDATAH,5a685d0d2525b999759219c9
125,/HOME/FFDN,"Read,ReadAndExecute,Synchronize,Write,Delete,CreateFiles,CreateDirectories,Modify,ListDirectory",YRX187,ThisFolderSubFoldersAndFiles,UsualConvertedRight,2,VOLDATAH,5a685d0d2525b999759219cb
126,/HOME/FGAS,"Read,ReadAndExecute,Synchronize,Write,Delete,CreateFiles,CreateDirectories,Modify,ListDirectory",FGAS,ThisFolderSubFoldersAndFiles,UsualConvertedRight,2,VOLDATAH,5a685d0d2525b999759219cd
127,/HOME/FIDFC,"Read,ReadAndExecute,Synchronize,Write,Delete,CreateFiles,CreateDirectories,Modify,ListDirectory,ReadPermissions,ChangePermissions",QOR597,ThisFolderSubFoldersAndFiles,UsualConvertedRight,2,VOLDATAH,5a685d0d2525b999759219cf
128,/HOME/FIDFC2,"Read,ReadAndExecute,Synchronize,Write,Delete,CreateFiles,CreateDirectories,Modify,ListDirectory",IRY948,ThisFolderSubFoldersAndFiles,UsualConvertedRight,2,VOLDATAH,5a685d0d2525b999759219d1
129,/HOME/FISCM1,"Read,ReadAndExecute,Synchronize,Write,Delete,CreateFiles,CreateDirectories,Modify,ListDirectory",WVY134,ThisFolderSubFoldersAndFiles,UsualConvertedRight,2,VOLDATAH,5a685d0d2525b999759219d3
130,/HOME/FIZI,"Read,ReadAndExecute,Synchronize,Write,Delete,CreateFiles,CreateDirectories,Modify,ListDirectory",FIZI,ThisFolderSubFoldersAndFiles,UsualConvertedRight,2,VOLDATAH,5a685d0d2525b999759219d5
131,/HOME/FLRE,"Read,ReadAndExecute,Synchronize,Write,Delete,CreateFiles,CreateDirectories,Modify,ListDirectory",LTA254,ThisFolderSubFoldersAndFiles,UsualConvertedRight,2,VOLDATAH,5a685d0d2525b999759219d7
132,/HOME/FLRU,"Read,ReadAndExecute,Synchronize,Write,Delete,CreateFiles,CreateDirectories,Modify,ListDirectory",FLRU,ThisFolderSubFoldersAndFiles,UsualConvertedRight,2,VOLDATAH,5a685d0d2525b999759219d9
133,/HOME/FLVL,"Read,ReadAndExecute,Synchronize,Write,Delete,CreateFiles,CreateDirectories,Modify,ListDirectory",DSE716,ThisFolderSubFoldersAndFiles,UsualConvertedRight,2,VOLDATAH,5a685d0d2525b999759219db
134,/HOME/FMNS,"Read,ReadAndExecute,Synchronize,Write,Delete,CreateFiles,CreateDirectories,Modify,ListDirectory",BVE008,ThisFolderSubFoldersAndFiles,UsualConvertedRight,2,VOLDATAH,5a685d0d2525b999759219dd
135,/HOME/FMSU,"Read,ReadAndExecute,Synchronize,Write,Delete,CreateFiles,CreateDirectories,Modify,ListDirectory",FMSU,ThisFolderSubFoldersAndFiles,UsualConvertedRight,2,VOLDATAH,5a685d0d2525b999759219df
136,/HOME/FONDBEN1,"Read,ReadAndExecute,Synchronize,Write,Delete,CreateFiles,CreateDirectories,Modify,ListDirectory",RDN388,ThisFolderSubFoldersAndFiles,UsualConvertedRight,2,VOLDATAH,5a685d0d2525b999759219e1
137,/HOME/FONDBEN2,"Read,ReadAndExecute,Synchronize,Write,Delete,CreateFiles,CreateDirectories,Modify,ListDirectory",CGY964,ThisFolderSubFoldersAndFiles,UsualConvertedRight,2,VOLDATAH,5a685d0d2525b999759219e3
138,/HOME/FONDGO,"Read,ReadAndExecute,Synchronize,Write,Delete,CreateFiles,CreateDirectories,Modify,ListDirectory",ENB581,ThisFolderSubFoldersAndFiles,UsualConvertedRight,2,VOLDATAH,5a685d0d2525b999759219e5
139,/HOME/FONDGO2,"Read,ReadAndExecute,Synchronize,Write,Delete,CreateFiles,CreateDirectories,Modify,ListDirectory",EJS834,ThisFolderSubFoldersAndFiles,UsualConvertedRight,2,VOLDATAH,5a685d0d2525b999759219e7
140,/HOME/FONDNE2,"Read,ReadAndExecute,Synchronize,Write,Delete,CreateFiles,CreateDirectories,Modify,ListDirectory",PFR728,ThisFolderSubFoldersAndFiles,UsualConvertedRight,2,VOLDATAH,5a685d0d2525b999759219e9
141,/HOME/FONDPTB,"Read,ReadAndExecute,Synchronize,Write,Delete,CreateFiles,CreateDirectories,Modify,ListDirectory",FLU654,ThisFolderSubFoldersAndFiles,UsualConvertedRight,2,VOLDATAH,5a685d0d2525b999759219eb
142,/HOME/FONDSE,"Read,ReadAndExecute,Synchronize,Write,Delete,CreateFiles,CreateDirectories,Modify,ListDirectory,ReadPermissions,ChangePermissions",MHZ395,ThisFolderSubFoldersAndFiles,UsualConvertedRight,2,VOLDATAH,5a685d0d2525b999759219ed
143,/HOME/FONDSE2,"Read,ReadAndExecute,Synchronize,Write,Delete,CreateFiles,CreateDirectories,Modify,ListDirectory",MYM909,ThisFolderSubFoldersAndFiles,UsualConvertedRight,2,VOLDATAH,5a685d0d2525b999759219ef
144,/HOME/FONDSO,"Read,ReadAndExecute,Synchronize,Write,Delete,CreateFiles,CreateDirectories,Modify,ListDirectory,ReadPermissions,ChangePermissions",RCM846,ThisFolderSubFoldersAndFiles,UsualConvertedRight,2,VOLDATAH,5a685d0d2525b999759219f1
145,/HOME/FORMA1,"Read,ReadAndExecute,Synchronize,Write,Delete,CreateFiles,CreateDirectories,Modify,ListDirectory",FORMA1,ThisFolderSubFoldersAndFiles,UsualConvertedRight,2,VOLDATAH,5a685d0d2525b999759219f3
146,/HOME/FORMA10,"Read,ReadAndExecute,Synchronize,Write,Delete,CreateFiles,CreateDirectories,Modify,ListDirectory",FORMA10,ThisFolderSubFoldersAndFiles,UsualConvertedRight,2,VOLDATAH,5a685d0d2525b999759219f5
147,/HOME/FORMA2,"Read,ReadAndExecute,Synchronize,Write,Delete,CreateFiles,CreateDirectories,Modify,ListDirectory",FORMA2,ThisFolderSubFoldersAndFiles,UsualConvertedRight,2,VOLDATAH,5a685d0d2525b999759219f7
148,/HOME/FORMA3,"Read,ReadAndExecute,Synchronize,Write,Delete,CreateFiles,CreateDirectories,Modify,ListDirectory",FORMA3,ThisFolderSubFoldersAndFiles,UsualConvertedRight,2,VOLDATAH,5a685d0d2525b999759219f9
149,/HOME/FORMA4,"Read,ReadAndExecute,Synchronize,Write,Delete,CreateFiles,CreateDirectories,Modify,ListDirectory",FORMA4,ThisFolderSubFoldersAndFiles,UsualConvertedRight,2,VOLDATAH,5a685d0d2525b999759219fb
150,/HOME/FORMA5,"Read,ReadAndExecute,Synchronize,Write,Delete,CreateFiles,CreateDirectories,Modify,ListDirectory",FORMA5,ThisFolderSubFoldersAndFiles,UsualConvertedRight,2,VOLDATAH,5a685d0d2525b999759219fd
151,/HOME/FORMA6,"Read,ReadAndExecute,Synchronize,Write,Delete,CreateFiles,CreateDirectories,Modify,ListDirectory",FORMA6,ThisFolderSubFoldersAndFiles,UsualConvertedRight,2,VOLDATAH,5a685d0d2525b999759219ff
152,/HOME/FORMA7,"Read,ReadAndExecute,Synchronize,Write,Delete,CreateFiles,CreateDirectories,Modify,ListDirectory",FORMA7,ThisFolderSubFoldersAndFiles,UsualConvertedRight,2,VOLDATAH,5a685d0d2525b99975921a01
153,/HOME/FORMA8,"Read,ReadAndExecute,Synchronize,Write,Delete,CreateFiles,CreateDirectories,Modify,ListDirectory",FORMA8,ThisFolderSubFoldersAndFiles,UsualConvertedRight,2,VOLDATAH,5a685d0d2525b99975921a03
154,/HOME/FORMA9,"Read,ReadAndExecute,Synchronize,Write,Delete,CreateFiles,CreateDirectories,Modify,ListDirectory",FORMA9,ThisFolderSubFoldersAndFiles,UsualConvertedRight,2,VOLDATAH,5a685d0d2525b99975921a05
155,/HOME/FSRN,"Read,ReadAndExecute,Synchronize,Write,Delete,CreateFiles,CreateDirectories,Modify,ListDirectory",WWQ201,ThisFolderSubFoldersAndFiles,UsualConvertedRight,2,VOLDATAH,5a685d0d2525b99975921a07
156,/HOME/FVAL,"Read,ReadAndExecute,Synchronize,Write,Delete,CreateFiles,CreateDirectories,Modify,ListDirectory",QQN351,ThisFolderSubFoldersAndFiles,UsualConvertedRight,2,VOLDATAH,5a685d0d2525b99975921a09
157,/HOME/GALT,"Read,ReadAndExecute,Synchronize,Write,Delete,CreateFiles,CreateDirectories,Modify,ListDirectory",IOU600,ThisFolderSubFoldersAndFiles,UsualConvertedRight,2,VOLDATAH,5a685d0d2525b99975921a0b
158,/HOME/GALX,"Read,ReadAndExecute,Synchronize,Write,Delete,CreateFiles,CreateDirectories,Modify,ListDirectory",IUP252,ThisFolderSubFoldersAndFiles,UsualConvertedRight,2,VOLDATAH,5a685d0d2525b99975921a0d
159,/HOME/GAND,"Read,ReadAndExecute,Synchronize,Write,Delete,CreateFiles,CreateDirectories,Modify,ListDirectory",GBF915,ThisFolderSubFoldersAndFiles,UsualConvertedRight,2,VOLDATAH,5a685d0d2525b99975921a0f
160,/HOME/GBCD,"Read,ReadAndExecute,Synchronize,Write,Delete,CreateFiles,CreateDirectories,Modify,ListDirectory,ReadPermissions,ChangePermissions",GBCD,ThisFolderSubFoldersAndFiles,UsualConvertedRight,2,VOLDATAH,5a685d0d2525b99975921a11
161,/HOME/GCEE,"Read,ReadAndExecute,Synchronize,Write,Delete,CreateFiles,CreateDirectories,Modify,ListDirectory",XBS026,ThisFolderSubFoldersAndFiles,UsualConvertedRight,2,VOLDATAH,5a685d0d2525b99975921a13
162,/HOME/GCRF,"Read,ReadAndExecute,Synchronize,Write,Delete,CreateFiles,CreateDirectories,Modify,ListDirectory",VAP769,ThisFolderSubFoldersAndFiles,UsualConvertedRight,2,VOLDATAH,5a685d0d2525b99975921a15
163,/HOME/GJMI,"Read,ReadAndExecute,Synchronize,Write,Delete,CreateFiles,CreateDirectories,Modify,ListDirectory",GJMI,ThisFolderSubFoldersAndFiles,UsualConvertedRight,2,VOLDATAH,5a685d0d2525b99975921a17
164,/HOME/GLME,"Read,ReadAndExecute,Synchronize,Write,Delete,CreateFiles,CreateDirectories,Modify,ListDirectory",QUI738,ThisFolderSubFoldersAndFiles,UsualConvertedRight,2,VOLDATAH,5a685d0d2525b99975921a19
165,/HOME/GLSD,"Read,ReadAndExecute,Synchronize,Write,Delete,CreateFiles,CreateDirectories,Modify,ListDirectory",SIN499,ThisFolderSubFoldersAndFiles,UsualConvertedRight,2,VOLDATAH,5a685d0d2525b99975921a1b
166,/HOME/GZLR,"Read,ReadAndExecute,Synchronize,Write,Delete,CreateFiles,CreateDirectories,Modify,ListDirectory",GZLR,ThisFolderSubFoldersAndFiles,UsualConvertedRight,2,VOLDATAH,5a685d0d2525b99975921a1d
167,/HOME/HCMN,"Read,ReadAndExecute,Synchronize,Write,Delete,CreateFiles,CreateDirectories,Modify,ListDirectory",HCMN,ThisFolderSubFoldersAndFiles,UsualConvertedRight,2,VOLDATAH,5a685d0d2525b99975921a1f
168,/HOME/HRAcces2,"Read,ReadAndExecute,Synchronize,Write,Delete,CreateFiles,CreateDirectories,Modify,ListDirectory",OTI130,ThisFolderSubFoldersAndFiles,UsualConvertedRight,2,VOLDATAH,5a685d0d2525b99975921a21
169,/HOME/HRACCESS,"Read,ReadAndExecute,Synchronize,Write,Delete,CreateFiles,CreateDirectories,Modify,ListDirectory",JHZ077,ThisFolderSubFoldersAndFiles,UsualConvertedRight,2,VOLDATAH,5a685d0d2525b99975921a23
170,/HOME/HSBY,"Read,ReadAndExecute,Synchronize,Write,Delete,CreateFiles,CreateDirectories,Modify,ListDirectory",PJR892,ThisFolderSubFoldersAndFiles,UsualConvertedRight,2,VOLDATAH,5a685d0d2525b99975921a25
171,/HOME/IBLD,"Read,ReadAndExecute,Synchronize,Write,Delete,CreateFiles,CreateDirectories,Modify,ListDirectory",XYY564,ThisFolderSubFoldersAndFiles,UsualConvertedRight,2,VOLDATAH,5a685d0d2525b99975921a27
172,/HOME/ILIB,"Read,ReadAndExecute,Synchronize,Write,Delete,CreateFiles,CreateDirectories,Modify,ListDirectory",CYE287,ThisFolderSubFoldersAndFiles,UsualConvertedRight,2,VOLDATAH,5a685d0d2525b99975921a29
173,/HOME/INSTALL,"Read,ReadAndExecute,Synchronize,Write,Delete,CreateFiles,CreateDirectories,Modify,ListDirectory",INSTALL,ThisFolderSubFoldersAndFiles,UsualConvertedRight,2,VOLDATAH,5a685d0d2525b99975921a2b
174,/HOME/INSTALL,"Read,ReadAndExecute,Synchronize,Write,Delete,CreateFiles,CreateDirectories,Modify,ListDirectory",TECHDSI,ThisFolderSubFoldersAndFiles,UsualConvertedRight,2,VOLDATAH,5a685d0d2525b99975921a2d
175,/HOME/JATI,"Read,ReadAndExecute,Synchronize,Write,Delete,CreateFiles,CreateDirectories,Modify,ListDirectory",IGN352,ThisFolderSubFoldersAndFiles,UsualConvertedRight,2,VOLDATAH,5a685d0d2525b99975921a2f
176,/HOME/JBET,"Read,ReadAndExecute,Synchronize,Write,Delete,CreateFiles,CreateDirectories,Modify,ListDirectory",WQK931,ThisFolderSubFoldersAndFiles,UsualConvertedRight,2,VOLDATAH,5a685d0d2525b99975921a31
177,/HOME/JBOR,"Read,ReadAndExecute,Synchronize,Write,Delete,CreateFiles,CreateDirectories,Modify,ListDirectory",RIR231,ThisFolderSubFoldersAndFiles,UsualConvertedRight,2,VOLDATAH,5a685d0d2525b99975921a33
178,/HOME/JCTE,"Read,ReadAndExecute,Synchronize,Write,Delete,CreateFiles,CreateDirectories,Modify,ListDirectory",JCTE,ThisFolderSubFoldersAndFiles,UsualConvertedRight,2,VOLDATAH,5a685d0d2525b99975921a35
179,/HOME/JCTY,"Read,ReadAndExecute,Synchronize,Write,Delete,CreateFiles,CreateDirectories,Modify,ListDirectory",IWI143,ThisFolderSubFoldersAndFiles,UsualConvertedRight,2,VOLDATAH,5a685d0d2525b99975921a37
180,/HOME/JDUE,"Read,ReadAndExecute,Synchronize,Write,Delete,CreateFiles,CreateDirectories,Modify,ListDirectory",DNI448,ThisFolderSubFoldersAndFiles,UsualConvertedRight,2,VOLDATAH,5a685d0d2525b99975921a39
181,/HOME/JGS,"Read,ReadAndExecute,Synchronize,Write,Delete,CreateFiles,CreateDirectories,Modify,ListDirectory",TBM687,ThisFolderSubFoldersAndFiles,UsualConvertedRight,2,VOLDATAH,5a685d0d2525b99975921a3b
182,/HOME/JHII,"Read,ReadAndExecute,Synchronize,Write,Delete,CreateFiles,CreateDirectories,Modify,ListDirectory",JHII,ThisFolderSubFoldersAndFiles,UsualConvertedRight,2,VOLDATAH,5a685d0d2525b99975921a3d
183,/HOME/JHMN,"Read,ReadAndExecute,Synchronize,Write,Delete,CreateFiles,CreateDirectories,Modify,ListDirectory",RGB583,ThisFolderSubFoldersAndFiles,UsualConvertedRight,2,VOLDATAH,5a685d0d2525b99975921a3f
184,/HOME/JJCR,"Read,ReadAndExecute,Synchronize,Write,Delete,CreateFiles,CreateDirectories,Modify,ListDirectory",CUN250,ThisFolderSubFoldersAndFiles,UsualConvertedRight,2,VOLDATAH,5a685d0d2525b99975921a41
185,/HOME/JLLE,"Read,ReadAndExecute,Synchronize,Write,Delete,CreateFiles,CreateDirectories,Modify,ListDirectory",JLLE,ThisFolderSubFoldersAndFiles,UsualConvertedRight,2,VOLDATAH,5a685d0d2525b99975921a43
186,/HOME/JLRE,"Read,ReadAndExecute,Synchronize,Write,Delete,CreateFiles,CreateDirectories,Modify,ListDirectory",UHL214,ThisFolderSubFoldersAndFiles,UsualConvertedRight,2,VOLDATAH,5a685d0d2525b99975921a45
187,/HOME/JMDI,"Read,ReadAndExecute,Synchronize,Write,Delete,CreateFiles,CreateDirectories,Modify,ListDirectory",ECZ747,ThisFolderSubFoldersAndFiles,UsualConvertedRight,2,VOLDATAH,5a685d0d2525b99975921a47
188,/HOME/JMFI,"Read,ReadAndExecute,Synchronize,Write,Delete,CreateFiles,CreateDirectories,Modify,ListDirectory",VTF915,ThisFolderSubFoldersAndFiles,UsualConvertedRight,2,VOLDATAH,5a685d0d2525b99975921a49
189,/HOME/JMHX,"Read,ReadAndExecute,Synchronize,Write,Delete,CreateFiles,CreateDirectories,Modify,ListDirectory",BKC671,ThisFolderSubFoldersAndFiles,UsualConvertedRight,2,VOLDATAH,5a685d0d2525b99975921a4b
190,/HOME/JPGY,"Read,ReadAndExecute,Synchronize,Write,Delete,CreateFiles,CreateDirectories,Modify,ListDirectory",DTV898,ThisFolderSubFoldersAndFiles,UsualConvertedRight,2,VOLDATAH,5a685d0d2525b99975921a4d
191,/HOME/JPVS,"Read,ReadAndExecute,Synchronize,Write,Delete,CreateFiles,CreateDirectories,Modify,ListDirectory",JPVS,ThisFolderSubFoldersAndFiles,UsualConvertedRight,2,VOLDATAH,5a685d0d2525b99975921a4f
192,/HOME/JURI01,"Read,ReadAndExecute,Synchronize,Write,Delete,CreateFiles,CreateDirectories,Modify,ListDirectory",IZF148,ThisFolderSubFoldersAndFiles,UsualConvertedRight,2,VOLDATAH,5a685d0d2525b99975921a51
193,/HOME/JURI02,"Read,ReadAndExecute,Synchronize,Write,Delete,CreateFiles,CreateDirectories,Modify,ListDirectory",WBR216,ThisFolderSubFoldersAndFiles,UsualConvertedRight,2,VOLDATAH,5a685d0d2525b99975921a53
194,/HOME/JURI03,"Read,ReadAndExecute,Synchronize,Write,Delete,CreateFiles,CreateDirectories,Modify,ListDirectory",ZYT854,ThisFolderSubFoldersAndFiles,UsualConvertedRight,2,VOLDATAH,5a685d0d2525b99975921a55
195,/HOME/JURI04,"Read,ReadAndExecute,Synchronize,Write,Delete,CreateFiles,CreateDirectories,Modify,ListDirectory",JURI04,ThisFolderSubFoldersAndFiles,UsualConvertedRight,2,VOLDATAH,5a685d0d2525b99975921a57
196,/HOME/JVRN,"Read,ReadAndExecute,Synchronize,Write,Delete,CreateFiles,CreateDirectories,Modify,ListDirectory",JVRN,ThisFolderSubFoldersAndFiles,UsualConvertedRight,2,VOLDATAH,5a685d0d2525b99975921a59
197,/HOME/KDIS,"Read,ReadAndExecute,Synchronize,Write,Delete,CreateFiles,CreateDirectories,Modify,ListDirectory",GRI085,ThisFolderSubFoldersAndFiles,UsualConvertedRight,2,VOLDATAH,5a685d0d2525b99975921a5b
198,/HOME/KGR,"Read,ReadAndExecute,Synchronize,Write,Delete,CreateFiles,CreateDirectories,Modify,ListDirectory",AMR184,ThisFolderSubFoldersAndFiles,UsualConvertedRight,2,VOLDATAH,5a685d0d2525b99975921a5d
199,/HOME/LAUTOLIB,"Read,ReadAndExecute,Synchronize,Write,Delete,CreateFiles,CreateDirectories,Modify,ListDirectory",LAUTOLIB,ThisFolderSubFoldersAndFiles,UsualConvertedRight,2,VOLDATAH,5a685d0d2525b99975921a5f
200,/HOME/LBOE,"Read,ReadAndExecute,Synchronize,Write,Delete,CreateFiles,CreateDirectories,Modify,ListDirectory",LBOE,ThisFolderSubFoldersAndFiles,UsualConvertedRight,2,VOLDATAH,5a685d0d2525b99975921a61
201,/HOME/LBRR,"Read,ReadAndExecute,Synchronize,Write,Delete,CreateFiles,CreateDirectories,Modify,ListDirectory",LBRR,ThisFolderSubFoldersAndFiles,UsualConvertedRight,2,VOLDATAH,5a685d0d2525b99975921a63
202,/HOME/LCKI,"Read,ReadAndExecute,Synchronize,Write,Delete,CreateFiles,CreateDirectories,Modify,ListDirectory",QIQ579,ThisFolderSubFoldersAndFiles,UsualConvertedRight,2,VOLDATAH,5a685d0d2525b99975921a65
203,/HOME/LCTO,"Read,ReadAndExecute,Synchronize,Write,Delete,CreateFiles,CreateDirectories,Modify,ListDirectory",LCTO,ThisFolderSubFoldersAndFiles,UsualConvertedRight,2,VOLDATAH,5a685d0d2525b99975921a67
204,/HOME/LCTY,"Read,ReadAndExecute,Synchronize,Write,Delete,CreateFiles,CreateDirectories,Modify,ListDirectory",EGX104,ThisFolderSubFoldersAndFiles,UsualConvertedRight,2,VOLDATAH,5a685d0d2525b99975921a69
205,/HOME/LDRU,"Read,ReadAndExecute,Synchronize,Write,Delete,CreateFiles,CreateDirectories,Modify,ListDirectory",LDRU,ThisFolderSubFoldersAndFiles,UsualConvertedRight,2,VOLDATAH,5a685d0d2525b99975921a6b
206,/HOME/LDSA,"Read,ReadAndExecute,Synchronize,Write,Delete,CreateFiles,CreateDirectories,Modify,ListDirectory",ZUA590,ThisFolderSubFoldersAndFiles,UsualConvertedRight,2,VOLDATAH,5a685d0d2525b99975921a6d
207,/HOME/LHJH,"Read,ReadAndExecute,Synchronize,Write,Delete,CreateFiles,CreateDirectories,Modify,ListDirectory",KSU413,ThisFolderSubFoldersAndFiles,UsualConvertedRight,2,VOLDATAH,5a685d0d2525b99975921a6f
208,/HOME/LLIE,"Read,ReadAndExecute,Synchronize,Write,Delete,CreateFiles,CreateDirectories,Modify,ListDirectory",LLIE,ThisFolderSubFoldersAndFiles,UsualConvertedRight,2,VOLDATAH,5a685d0d2525b99975921a71
209,/HOME/LMDY,"Read,ReadAndExecute,Synchronize,Write,Delete,CreateFiles,CreateDirectories,Modify,ListDirectory",WBC958,ThisFolderSubFoldersAndFiles,UsualConvertedRight,2,VOLDATAH,5a685d0d2525b99975921a73
210,/HOME/LOGT,"Read,ReadAndExecute,Synchronize,Write,Delete,CreateFiles,CreateDirectories,Modify,ListDirectory",WCY503,ThisFolderSubFoldersAndFiles,UsualConvertedRight,2,VOLDATAH,5a685d0d2525b99975921a75
211,/HOME/LOS,"Read,ReadAndExecute,Synchronize,Write,Delete,CreateFiles,CreateDirectories,Modify,ListDirectory",NZT792,ThisFolderSubFoldersAndFiles,UsualConvertedRight,2,VOLDATAH,5a685d0d2525b99975921a77
212,/HOME/LPGI,"Read,ReadAndExecute,Synchronize,Write,Delete,CreateFiles,CreateDirectories,Modify,ListDirectory",NCV794,ThisFolderSubFoldersAndFiles,UsualConvertedRight,2,VOLDATAH,5a685d0d2525b99975921a79
213,/HOME/LS11,"Read,ReadAndExecute,Synchronize,Write,Delete,CreateFiles,CreateDirectories,Modify,ListDirectory",ZGD928,ThisFolderSubFoldersAndFiles,UsualConvertedRight,2,VOLDATAH,5a685d0d2525b99975921a7b
214,/HOME/LS1DSI,"Read,ReadAndExecute,Synchronize,Write,Delete,CreateFiles,CreateDirectories,Modify,ListDirectory,ReadPermissions,ChangePermissions",LS1DSI,ThisFolderSubFoldersAndFiles,UsualConvertedRight,2,VOLDATAH,5a685d0d2525b99975921a7d
215,/HOME/LS2DSI,"Read,ReadAndExecute,Synchronize,Write,Delete,CreateFiles,CreateDirectories,Modify,ListDirectory",LS2DSI,ThisFolderSubFoldersAndFiles,UsualConvertedRight,2,VOLDATAH,5a685d0d2525b99975921a7f
216,/HOME/LS3DSI-old,"Read,ReadAndExecute,Synchronize,Write,Delete,CreateFiles,CreateDirectories,Modify,ListDirectory",OAP308,ThisFolderSubFoldersAndFiles,UsualConvertedRight,2,VOLDATAH,5a685d0d2525b99975921a81
217,/HOME/SLG830,"Read,ReadAndExecute,Synchronize,Write,Delete,CreateFiles,CreateDirectories,Modify,ListDirectory",SLG830,ThisFolderSubFoldersAndFiles,UsualConvertedRight,2,VOLDATAH,5a685d0d2525b99975921a83
218,/HOME/LS5DSI,"Read,ReadAndExecute,Synchronize,Write,Delete,CreateFiles,CreateDirectories,Modify,ListDirectory",POG463,ThisFolderSubFoldersAndFiles,UsualConvertedRight,2,VOLDATAH,5a685d0d2525b99975921a85
219,/HOME/VBIT,"Read,ReadAndExecute,Synchronize,Write,Delete,CreateFiles,CreateDirectories,Modify,ListDirectory",INF225,ThisFolderSubFoldersAndFiles,UsualConvertedRight,2,VOLDATAH,5a685d0d2525b99975921a87
220,/HOME/LSACHAT1,"Read,ReadAndExecute,Synchronize,Write,Delete,CreateFiles,CreateDirectories,Modify,ListDirectory",LSACHAT1,ThisFolderSubFoldersAndFiles,UsualConvertedRight,2,VOLDATAH,5a685d0d2525b99975921a89
221,/HOME/LSACHAT3,"Read,ReadAndExecute,Synchronize,Write,Delete,CreateFiles,CreateDirectories,Modify,ListDirectory",LSACHAT3,ThisFolderSubFoldersAndFiles,UsualConvertedRight,2,VOLDATAH,5a685d0d2525b99975921a8b
222,/HOME/LSACHAT4,"Read,ReadAndExecute,Synchronize,Write,Delete,CreateFiles,CreateDirectories,Modify,ListDirectory",LSACHAT4,ThisFolderSubFoldersAndFiles,UsualConvertedRight,2,VOLDATAH,5a685d0d2525b99975921a8d
223,/HOME/LSACHAT6,"Read,ReadAndExecute,Synchronize,Write,Delete,CreateFiles,CreateDirectories,Modify,ListDirectory",LSACHAT6,ThisFolderSubFoldersAndFiles,UsualConvertedRight,2,VOLDATAH,5a685d0d2525b99975921a8f
224,/HOME/LSACHAT7,"Read,ReadAndExecute,Synchronize,Write,Delete,CreateFiles,CreateDirectories,Modify,ListDirectory",LSACHAT7,ThisFolderSubFoldersAndFiles,UsualConvertedRight,2,VOLDATAH,5a685d0d2525b99975921a91
225,/HOME/LSACHAT8,"Read,ReadAndExecute,Synchronize,Write,Delete,CreateFiles,CreateDirectories,Modify,ListDirectory",LSACHAT8,ThisFolderSubFoldersAndFiles,UsualConvertedRight,2,VOLDATAH,5a685d0d2525b99975921a93
226,/HOME/LSACHAT9,"Read,ReadAndExecute,Synchronize,Write,Delete,CreateFiles,CreateDirectories,Modify,ListDirectory",LSACHAT9,ThisFolderSubFoldersAndFiles,UsualConvertedRight,2,VOLDATAH,5a685d0d2525b99975921a95
227,/HOME/LSASSUR1,"Read,ReadAndExecute,Synchronize,Write,Delete,CreateFiles,CreateDirectories,Modify,ListDirectory",LSASSUR1,ThisFolderSubFoldersAndFiles,UsualConvertedRight,2,VOLDATAH,5a685d0d2525b99975921a97
228,/HOME/LSCN,"Read,ReadAndExecute,Synchronize,Write,Delete,CreateFiles,CreateDirectories,Modify,ListDirectory",LSCN,ThisFolderSubFoldersAndFiles,UsualConvertedRight,2,VOLDATAH,5a685d0d2525b99975921a99
229,/HOME/LSCONSO1,"Read,ReadAndExecute,Synchronize,Write,Delete,CreateFiles,CreateDirectories,Modify,ListDirectory",LSCONSO1,ThisFolderSubFoldersAndFiles,UsualConvertedRight,2,VOLDATAH,5a685d0d2525b99975921a9b
230,/HOME/LSCONSO2,"Read,ReadAndExecute,Synchronize,Write,Delete,CreateFiles,CreateDirectories,Modify,ListDirectory",HRJ321,ThisFolderSubFoldersAndFiles,UsualConvertedRight,2,VOLDATAH,5a685d0d2525b99975921a9d
231,/HOME/LSCONSO4,"Read,ReadAndExecute,Synchronize,Write,Delete,CreateFiles,CreateDirectories,Modify,ListDirectory",LSCONSO4,ThisFolderSubFoldersAndFiles,UsualConvertedRight,2,VOLDATAH,5a685d0d2525b99975921a9f
232,/HOME/LSCONSO5,"Read,ReadAndExecute,Synchronize,Write,Delete,CreateFiles,CreateDirectories,Modify,ListDirectory",LSCONSO5,ThisFolderSubFoldersAndFiles,UsualConvertedRight,2,VOLDATAH,5a685d0d2525b99975921aa1
233,/HOME/LSCPTA2,"Read,ReadAndExecute,Synchronize,Write,Delete,CreateFiles,CreateDirectories,Modify,ListDirectory",LSCPTA2,ThisFolderSubFoldersAndFiles,UsualConvertedRight,2,VOLDATAH,5a685d0d2525b99975921aa3
234,/HOME/LSCPTA3,"Read,ReadAndExecute,Synchronize,Write,Delete,CreateFiles,CreateDirectories,Modify,ListDirectory",LSCPTA3,ThisFolderSubFoldersAndFiles,UsualConvertedRight,2,VOLDATAH,5a685d0d2525b99975921aa5
235,/HOME/LSCPTA4,"Read,ReadAndExecute,Synchronize,Write,Delete,CreateFiles,CreateDirectories,Modify,ListDirectory",LSCPTA4,ThisFolderSubFoldersAndFiles,UsualConvertedRight,2,VOLDATAH,5a685d0d2525b99975921aa7
236,/HOME/LSCPTA5,"Read,ReadAndExecute,Synchronize,Write,Delete,CreateFiles,CreateDirectories,Modify,ListDirectory",LSCPTA5,ThisFolderSubFoldersAndFiles,UsualConvertedRight,2,VOLDATAH,5a685d0d2525b99975921aa9
237,/HOME/LSCTGST1,"Read,ReadAndExecute,Synchronize,Write,Delete,CreateFiles,CreateDirectories,Modify,ListDirectory",LSCTGST1,ThisFolderSubFoldersAndFiles,UsualConvertedRight,2,VOLDATAH,5a685d0d2525b99975921aab
238,/HOME/LSCTGST2,"Read,ReadAndExecute,Synchronize,Write,Delete,CreateFiles,CreateDirectories,Modify,ListDirectory",FQP838,ThisFolderSubFoldersAndFiles,UsualConvertedRight,2,VOLDATAH,5a685d0d2525b99975921aad
239,/HOME/LSFISCAL,"Read,ReadAndExecute,Synchronize,Write,Delete,CreateFiles,CreateDirectories,Modify,ListDirectory,ReadPermissions,ChangePermissions",LSFISCAL,ThisFolderSubFoldersAndFiles,UsualConvertedRight,2,VOLDATAH,5a685d0d2525b99975921aaf
240,/HOME/LSJURI01,"Read,ReadAndExecute,Synchronize,Write,Delete,CreateFiles,CreateDirectories,Modify,ListDirectory",LDB173,ThisFolderSubFoldersAndFiles,UsualConvertedRight,2,VOLDATAH,5a685d0d2525b99975921ab1
241,/HOME/LSLT,"Read,ReadAndExecute,Synchronize,Write,Delete,CreateFiles,CreateDirectories,Modify,ListDirectory",LSLT,ThisFolderSubFoldersAndFiles,UsualConvertedRight,2,VOLDATAH,5a685d0d2525b99975921ab3
242,/HOME/LSNET1,"Read,ReadAndExecute,Synchronize,Write,Delete,CreateFiles,CreateDirectories,Modify,ListDirectory",NUS494,ThisFolderSubFoldersAndFiles,UsualConvertedRight,2,VOLDATAH,5a685d0d2525b99975921ab5
243,/HOME/LSRHG1,"Read,ReadAndExecute,Synchronize,Write,Delete,CreateFiles,CreateDirectories,Modify,ListDirectory",LSRHG1,ThisFolderSubFoldersAndFiles,UsualConvertedRight,2,VOLDATAH,5a685d0d2525b99975921ab7
244,/HOME/LSRHG2,"Read,ReadAndExecute,Synchronize,Write,Delete,CreateFiles,CreateDirectories,Modify,ListDirectory",LSRHG2,ThisFolderSubFoldersAndFiles,UsualConvertedRight,2,VOLDATAH,5a685d0d2525b99975921ab9
245,/HOME/LSRHH,"Read,ReadAndExecute,Synchronize,Write,Delete,CreateFiles,CreateDirectories,Modify,ListDirectory,ReadPermissions,ChangePermissions",LSRHH,ThisFolderSubFoldersAndFiles,UsualConvertedRight,2,VOLDATAH,5a685d0d2525b99975921abb
246,/HOME/LSRHH2,"Read,ReadAndExecute,Synchronize,Write,Delete,CreateFiles,CreateDirectories,Modify,ListDirectory",LSRHH2,ThisFolderSubFoldersAndFiles,UsualConvertedRight,2,VOLDATAH,5a685d0d2525b99975921abd
247,/HOME/LSTRESO1,"Read,ReadAndExecute,Synchronize,Write,Delete,CreateFiles,CreateDirectories,Modify,ListDirectory",LSTRESO1,ThisFolderSubFoldersAndFiles,UsualConvertedRight,2,VOLDATAH,5a685d0d2525b99975921abf
248,/HOME/MADC,"Read,ReadAndExecute,Synchronize,Write,Delete,CreateFiles,CreateDirectories,Modify,ListDirectory",JCZ103,ThisFolderSubFoldersAndFiles,UsualConvertedRight,2,VOLDATAH,5a685d0d2525b99975921ac1
249,/HOME/MAEY,"Read,ReadAndExecute,Synchronize,Write,Delete,CreateFiles,CreateDirectories,Modify,ListDirectory",MAEY,ThisFolderSubFoldersAndFiles,UsualConvertedRight,2,VOLDATAH,5a685d0d2525b99975921ac3
250,/HOME/MBCI,"Read,ReadAndExecute,Synchronize,Write,Delete,CreateFiles,CreateDirectories,Modify,ListDirectory",CZB413,ThisFolderSubFoldersAndFiles,UsualConvertedRight,2,VOLDATAH,5a685d0d2525b99975921ac5
251,/HOME/MCCO,"Read,ReadAndExecute,Synchronize,Write,Delete,CreateFiles,CreateDirectories,Modify,ListDirectory",QUQ515,ThisFolderSubFoldersAndFiles,UsualConvertedRight,2,VOLDATAH,5a685d0d2525b99975921ac7
252,/HOME/MCEN,"Read,ReadAndExecute,Synchronize,Write,Delete,CreateFiles,CreateDirectories,Modify,ListDirectory",NLF518,ThisFolderSubFoldersAndFiles,UsualConvertedRight,2,VOLDATAH,5a685d0d2525b99975921ac9
253,/HOME/MCGR,"Read,ReadAndExecute,Synchronize,Write,Delete,CreateFiles,CreateDirectories,Modify,ListDirectory",BLP562,ThisFolderSubFoldersAndFiles,UsualConvertedRight,2,VOLDATAH,5a685d0d2525b99975921acb
254,/HOME/MCRY_old,"Read,ReadAndExecute,Synchronize,Write,Delete,CreateFiles,CreateDirectories,Modify,ListDirectory",MCRY,ThisFolderSubFoldersAndFiles,UsualConvertedRight,2,VOLDATAH,5a685d0d2525b99975921acd
255,/HOME/MENAGE,"Read,ReadAndExecute,Synchronize,Write,Delete,CreateFiles,CreateDirectories,Modify,ListDirectory",KNL678,ThisFolderSubFoldersAndFiles,UsualConvertedRight,2,VOLDATAH,5a685d0d2525b99975921acf
256,/HOME/MFT,"Read,ReadAndExecute,Synchronize,Write,Delete,CreateFiles,CreateDirectories,Modify,ListDirectory",FNQ344,ThisFolderSubFoldersAndFiles,UsualConvertedRight,2,VOLDATAH,5a685d0d2525b99975921ad1
257,/HOME/MGAT,"Read,ReadAndExecute,Synchronize,Write,Delete,CreateFiles,CreateDirectories,Modify,ListDirectory",IMH411,ThisFolderSubFoldersAndFiles,UsualConvertedRight,2,VOLDATAH,5a685d0d2525b99975921ad3
258,/HOME/MGDE,"Read,ReadAndExecute,Synchronize,Write,Delete,CreateFiles,CreateDirectories,Modify,ListDirectory",MGDE,ThisFolderSubFoldersAndFiles,UsualConvertedRight,2,VOLDATAH,5a685d0d2525b99975921ad5
259,/HOME/MGHO,"Read,ReadAndExecute,Synchronize,Write,Delete,CreateFiles,CreateDirectories,Modify,ListDirectory",VCZ893,ThisFolderSubFoldersAndFiles,UsualConvertedRight,2,VOLDATAH,5a685d0d2525b99975921ad7
260,/HOME/MGOM,"Read,ReadAndExecute,Synchronize,Write,Delete,CreateFiles,CreateDirectories,Modify,ListDirectory",FZT928,ThisFolderSubFoldersAndFiles,UsualConvertedRight,2,VOLDATAH,5a685d0d2525b99975921ad9
261,/HOME/MGRD,"Read,ReadAndExecute,Synchronize,Write,Delete,CreateFiles,CreateDirectories,Modify,ListDirectory",BMK188,ThisFolderSubFoldersAndFiles,UsualConvertedRight,2,VOLDATAH,5a685d0d2525b99975921adb
262,/HOME/MGRY,"Read,ReadAndExecute,Synchronize,Write,Delete,CreateFiles,CreateDirectories,Modify,ListDirectory",VFT625,ThisFolderSubFoldersAndFiles,UsualConvertedRight,2,VOLDATAH,5a685d0d2525b99975921add
263,/HOME/MHDD,"Read,ReadAndExecute,Synchronize,Write,Delete,CreateFiles,CreateDirectories,Modify,ListDirectory",MHDD,ThisFolderSubFoldersAndFiles,UsualConvertedRight,2,VOLDATAH,5a685d0d2525b99975921adf
264,/HOME/MHMU,"Read,ReadAndExecute,Synchronize,Write,Delete,CreateFiles,CreateDirectories,Modify,ListDirectory",LHE203,ThisFolderSubFoldersAndFiles,UsualConvertedRight,2,VOLDATAH,5a685d0d2525b99975921ae1
265,/HOME/MHRO,"Read,ReadAndExecute,Synchronize,Write,Delete,CreateFiles,CreateDirectories,Modify,ListDirectory",BQF210,ThisFolderSubFoldersAndFiles,UsualConvertedRight,2,VOLDATAH,5a685d0d2525b99975921ae3
266,/HOME/MJFT,"Read,ReadAndExecute,Synchronize,Write,Delete,CreateFiles,CreateDirectories,Modify,ListDirectory",MJFT,ThisFolderSubFoldersAndFiles,UsualConvertedRight,2,VOLDATAH,5a685d0d2525b99975921ae5
267,/HOME/MLBN,"Read,ReadAndExecute,Synchronize,Write,Delete,CreateFiles,CreateDirectories,Modify,ListDirectory",QFH101,ThisFolderSubFoldersAndFiles,UsualConvertedRight,2,VOLDATAH,5a685d0d2525b99975921ae7
268,/HOME/MLCR,"Read,ReadAndExecute,Synchronize,Write,Delete,CreateFiles,CreateDirectories,Modify,ListDirectory",MLCR,ThisFolderSubFoldersAndFiles,UsualConvertedRight,2,VOLDATAH,5a685d0d2525b99975921ae9
269,/HOME/MLNE,"Read,ReadAndExecute,Synchronize,Write,Delete,CreateFiles,CreateDirectories,Modify,ListDirectory",FNA660,ThisFolderSubFoldersAndFiles,UsualConvertedRight,2,VOLDATAH,5a685d0d2525b99975921aeb
270,/HOME/MMCR,"Read,ReadAndExecute,Synchronize,Write,Delete,CreateFiles,CreateDirectories,Modify,ListDirectory",KKM050,ThisFolderSubFoldersAndFiles,UsualConvertedRight,2,VOLDATAH,5a685d0d2525b99975921aed
271,/HOME/MMLT,"Read,ReadAndExecute,Synchronize,Write,Delete,CreateFiles,CreateDirectories,Modify,ListDirectory",MMLT,ThisFolderSubFoldersAndFiles,UsualConvertedRight,2,VOLDATAH,5a685d0d2525b99975921aef
272,/HOME/MPTR,"Read,ReadAndExecute,Synchronize,Write,Delete,CreateFiles,CreateDirectories,Modify,ListDirectory",MPTR,ThisFolderSubFoldersAndFiles,UsualConvertedRight,2,VOLDATAH,5a685d0d2525b99975921af1
273,/HOME/MPTT,"Read,ReadAndExecute,Synchronize,Write,Delete,CreateFiles,CreateDirectories,Modify,ListDirectory",NYG230,ThisFolderSubFoldersAndFiles,UsualConvertedRight,2,VOLDATAH,5a685d0d2525b99975921af3
274,/HOME/MSAN,"Read,ReadAndExecute,Synchronize,Write,Delete,CreateFiles,CreateDirectories,Modify,ListDirectory",DUI496,ThisFolderSubFoldersAndFiles,UsualConvertedRight,2,VOLDATAH,5a685d0d2525b99975921af5
275,/HOME/MSOY,"Read,ReadAndExecute,Synchronize,Write,Delete,CreateFiles,CreateDirectories,Modify,ListDirectory",RIH614,ThisFolderSubFoldersAndFiles,UsualConvertedRight,2,VOLDATAH,5a685d0d2525b99975921af7
276,/HOME/MSZE,"Read,ReadAndExecute,Synchronize,Write,Delete,CreateFiles,CreateDirectories,Modify,ListDirectory",MSZE,ThisFolderSubFoldersAndFiles,UsualConvertedRight,2,VOLDATAH,5a685d0d2525b99975921af9
277,/HOME/NAGIOS1,"Read,ReadAndExecute,Synchronize,Write,Delete,CreateFiles,CreateDirectories,Modify,ListDirectory",NAGIOS1,ThisFolderSubFoldersAndFiles,UsualConvertedRight,2,VOLDATAH,5a685d0d2525b99975921afb
278,/HOME/NAGIOS2,"Read,ReadAndExecute,Synchronize,Write,Delete,CreateFiles,CreateDirectories,Modify,ListDirectory,ReadPermissions,ChangePermissions",NAGIOS2,ThisFolderSubFoldersAndFiles,UsualConvertedRight,2,VOLDATAH,5a685d0d2525b99975921afd
279,/HOME/NAKO,"Read,ReadAndExecute,Synchronize,Write,Delete,CreateFiles,CreateDirectories,Modify,ListDirectory",UYD743,ThisFolderSubFoldersAndFiles,UsualConvertedRight,2,VOLDATAH,5a685d0d2525b99975921aff
280,/HOME/NCAR,"Read,ReadAndExecute,Synchronize,Write,Delete,CreateFiles,CreateDirectories,Modify,ListDirectory",NCAR,ThisFolderSubFoldersAndFiles,UsualConvertedRight,2,VOLDATAH,5a685d0d2525b99975921b01
281,/HOME/NCLD,"Read,ReadAndExecute,Synchronize,Write,Delete,CreateFiles,CreateDirectories,Modify,ListDirectory",QAZ081,ThisFolderSubFoldersAndFiles,UsualConvertedRight,2,VOLDATAH,5a685d0d2525b99975921b03
282,/HOME/NFAE,"Read,ReadAndExecute,Synchronize,Write,Delete,CreateFiles,CreateDirectories,Modify,ListDirectory",PNS166,ThisFolderSubFoldersAndFiles,UsualConvertedRight,2,VOLDATAH,5a685d0d2525b99975921b05
283,/HOME/NHTZ,"Read,ReadAndExecute,Synchronize,Write,Delete,CreateFiles,CreateDirectories,Modify,ListDirectory",TPN690,ThisFolderSubFoldersAndFiles,UsualConvertedRight,2,VOLDATAH,5a685d0d2525b99975921b07
284,/HOME/NPES,"Read,ReadAndExecute,Synchronize,Write,Delete,CreateFiles,CreateDirectories,Modify,ListDirectory",NPES,ThisFolderSubFoldersAndFiles,UsualConvertedRight,2,VOLDATAH,5a685d0d2525b99975921b09
285,/HOME/NPHU,"Read,ReadAndExecute,Synchronize,Write,Delete,CreateFiles,CreateDirectories,Modify,ListDirectory",NPHU,ThisFolderSubFoldersAndFiles,UsualConvertedRight,2,VOLDATAH,5a685d0d2525b99975921b0b
286,/HOME/NPIT,"Read,ReadAndExecute,Synchronize,Write,Delete,CreateFiles,CreateDirectories,Modify,ListDirectory,ReadPermissions,ChangePermissions",PZW947,ThisFolderSubFoldersAndFiles,UsualConvertedRight,2,VOLDATAH,5a685d0d2525b99975921b0d
287,/HOME/NTPN,"Read,ReadAndExecute,Synchronize,Write,Delete,CreateFiles,CreateDirectories,Modify,ListDirectory,ReadPermissions,ChangePermissions",NTPN,ThisFolderSubFoldersAndFiles,UsualConvertedRight,2,VOLDATAH,5a685d0d2525b99975921b0f
288,/HOME/OBOU,"Read,ReadAndExecute,Synchronize,Write,Delete,CreateFiles,CreateDirectories,Modify,ListDirectory,ReadPermissions,ChangePermissions",KWX514,ThisFolderSubFoldersAndFiles,UsualConvertedRight,2,VOLDATAH,5a685d0d2525b99975921b11
289,/HOME/OMCL,"Read,ReadAndExecute,Synchronize,Write,Delete,CreateFiles,CreateDirectories,Modify,ListDirectory",JFX667,ThisFolderSubFoldersAndFiles,UsualConvertedRight,2,VOLDATAH,5a685d0d2525b99975921b13
290,/HOME/OTES,"Read,ReadAndExecute,Synchronize,Write,Delete,CreateFiles,CreateDirectories,Modify,ListDirectory",YCX927,ThisFolderSubFoldersAndFiles,UsualConvertedRight,2,VOLDATAH,5a685d0d2525b99975921b15
291,/HOME/PBBN,"Read,ReadAndExecute,Synchronize,Write,Delete,CreateFiles,CreateDirectories,Modify,ListDirectory",PBBN,ThisFolderSubFoldersAndFiles,UsualConvertedRight,2,VOLDATAH,5a685d0d2525b99975921b17
292,/HOME/PBDN,"Read,ReadAndExecute,Synchronize,Write,Delete,CreateFiles,CreateDirectories,Modify,ListDirectory",EQR550,ThisFolderSubFoldersAndFiles,UsualConvertedRight,2,VOLDATAH,5a685d0d2525b99975921b19
293,/HOME/PCSL,"Read,ReadAndExecute,Synchronize,Write,Delete,CreateFiles,CreateDirectories,Modify,ListDirectory,ReadPermissions,ChangePermissions",PCSL,ThisFolderSubFoldersAndFiles,UsualConvertedRight,2,VOLDATAH,5a685d0d2525b99975921b1b
294,/HOME/PDGD,"Read,ReadAndExecute,Synchronize,Write,Delete,CreateFiles,CreateDirectories,Modify,ListDirectory",PDGD,ThisFolderSubFoldersAndFiles,UsualConvertedRight,2,VOLDATAH,5a685d0d2525b99975921b1d
295,/HOME/PFML,"Read,ReadAndExecute,Synchronize,Write,Delete,CreateFiles,CreateDirectories,Modify,ListDirectory",QJR697,ThisFolderSubFoldersAndFiles,UsualConvertedRight,2,VOLDATAH,5a685d0d2525b99975921b1f
296,/HOME/PGBN,"Read,ReadAndExecute,Synchronize,Write,Delete,CreateFiles,CreateDirectories,Modify,ListDirectory",PGBN,ThisFolderSubFoldersAndFiles,UsualConvertedRight,2,VOLDATAH,5a685d0d2525b99975921b21
297,/HOME/PGEN,"Read,ReadAndExecute,Synchronize,Write,Delete,CreateFiles,CreateDirectories,Modify,ListDirectory",WLT267,ThisFolderSubFoldersAndFiles,UsualConvertedRight,2,VOLDATAH,5a685d0d2525b99975921b23
298,/HOME/PGMY,"Read,ReadAndExecute,Synchronize,Write,Delete,CreateFiles,CreateDirectories,Modify,ListDirectory",YMK530,ThisFolderSubFoldersAndFiles,UsualConvertedRight,2,VOLDATAH,5a685d0d2525b99975921b25
299,/HOME/PHVR,"Read,ReadAndExecute,Synchronize,Write,Delete,CreateFiles,CreateDirectories,Modify,ListDirectory",RYS218,ThisFolderSubFoldersAndFiles,UsualConvertedRight,2,VOLDATAH,5a685d0d2525b99975921b27
300,/HOME/PIDNS,"Read,ReadAndExecute,Synchronize,Write,Delete,CreateFiles,CreateDirectories,Modify,ListDirectory,ReadPermissions,ChangePermissions",BFE032,ThisFolderSubFoldersAndFiles,UsualConvertedRight,2,VOLDATAH,5a685d0d2525b99975921b29
301,/HOME/PLBO,,COU585,ThisFolderSubFoldersAndFiles,UsualConvertedRight,2,VOLDATAH,5a685d0d2525b99975921b2b
302,/HOME/PLBU,"Read,ReadAndExecute,Synchronize,Write,Delete,CreateFiles,CreateDirectories,Modify,ListDirectory",TVS464,ThisFolderSubFoldersAndFiles,UsualConvertedRight,2,VOLDATAH,5a685d0d2525b99975921b2d
303,/HOME/PLGS,"Read,ReadAndExecute,Synchronize,Write,Delete,CreateFiles,CreateDirectories,Modify,ListDirectory",LLB176,ThisFolderSubFoldersAndFiles,UsualConvertedRight,2,VOLDATAH,5a685d0d2525b99975921b2f
304,/HOME/PLNY,"Read,ReadAndExecute,Synchronize,Write,Delete,CreateFiles,CreateDirectories,Modify,ListDirectory",PLNY,ThisFolderSubFoldersAndFiles,UsualConvertedRight,2,VOLDATAH,5a685d0d2525b99975921b31
305,/HOME/PLPY,"Read,ReadAndExecute,Synchronize,Write,Delete,CreateFiles,CreateDirectories,Modify,ListDirectory",PLPY,ThisFolderSubFoldersAndFiles,UsualConvertedRight,2,VOLDATAH,5a685d0d2525b99975921b33
306,/HOME/PMRE,"Read,ReadAndExecute,Synchronize,Write,Delete,CreateFiles,CreateDirectories,Modify,ListDirectory",PQM953,ThisFolderSubFoldersAndFiles,UsualConvertedRight,2,VOLDATAH,5a685d0d2525b99975921b35
307,/HOME/PSAI,"Read,ReadAndExecute,Synchronize,Write,Delete,CreateFiles,CreateDirectories,Modify,ListDirectory",PSAI,ThisFolderSubFoldersAndFiles,UsualConvertedRight,2,VOLDATAH,5a685d0d2525b99975921b37
308,/HOME/PYBD,"Read,ReadAndExecute,Synchronize,Write,Delete,CreateFiles,CreateDirectories,Modify,ListDirectory",GQG302,ThisFolderSubFoldersAndFiles,UsualConvertedRight,2,VOLDATAH,5a685d0d2525b99975921b39
309,/HOME/QBAH,"Read,ReadAndExecute,Synchronize,Write,Delete,CreateFiles,CreateDirectories,Modify,ListDirectory",QBAH,ThisFolderSubFoldersAndFiles,UsualConvertedRight,2,VOLDATAH,5a685d0d2525b99975921b3b
310,/HOME/RAS,"Read,ReadAndExecute,Synchronize,Write,Delete,CreateFiles,CreateDirectories,Modify,ListDirectory",KWV405,ThisFolderSubFoldersAndFiles,UsualConvertedRight,2,VOLDATAH,5a685d0d2525b99975921b3d
311,/HOME/RedacFTP,"Read,ReadAndExecute,Synchronize,Write,Delete,CreateFiles,CreateDirectories,Modify,ListDirectory",RedacFTP,ThisFolderSubFoldersAndFiles,UsualConvertedRight,2,VOLDATAH,5a685d0d2525b99975921b3f
312,/HOME/REDACFTP1,"Read,ReadAndExecute,Synchronize,Write,Delete,CreateFiles,CreateDirectories,Modify,ListDirectory",REDACFTP1,ThisFolderSubFoldersAndFiles,UsualConvertedRight,2,VOLDATAH,5a685d0d2525b99975921b41
313,/HOME/REDACFTP2,"Read,ReadAndExecute,Synchronize,Write,Delete,CreateFiles,CreateDirectories,Modify,ListDirectory",REDACFTP2,ThisFolderSubFoldersAndFiles,UsualConvertedRight,2,VOLDATAH,5a685d0d2525b99975921b44
314,/HOME/REUTER1,"Read,ReadAndExecute,Synchronize,Write,Delete,CreateFiles,CreateDirectories,Modify,ListDirectory",ANH752,ThisFolderSubFoldersAndFiles,UsualConvertedRight,2,VOLDATAH,5a685d0d2525b99975921b46
315,/HOME/RFES,"Read,ReadAndExecute,Synchronize,Write,Delete,CreateFiles,CreateDirectories,Modify,ListDirectory",NUW353,ThisFolderSubFoldersAndFiles,UsualConvertedRight,2,VOLDATAH,5a685d0d2525b99975921b48
316,/HOME/RMAO,"Read,ReadAndExecute,Synchronize,Write,Delete,CreateFiles,CreateDirectories,Modify,ListDirectory,ReadPermissions,ChangePermissions",RMAO,ThisFolderSubFoldersAndFiles,UsualConvertedRight,2,VOLDATAH,5a685d0d2525b99975921b4a
317,/HOME/RSWZ,"Read,ReadAndExecute,Synchronize,Write,Delete,CreateFiles,CreateDirectories,Modify,ListDirectory",RSWZ,ThisFolderSubFoldersAndFiles,UsualConvertedRight,2,VOLDATAH,5a685d0d2525b99975921b4c
318,/HOME/SAEE,"Read,ReadAndExecute,Synchronize,Write,Delete,CreateFiles,CreateDirectories,Modify,ListDirectory",IWJ351,ThisFolderSubFoldersAndFiles,UsualConvertedRight,2,VOLDATAH,5a685d0d2525b99975921b4e
319,/HOME/SALLE545,"Read,ReadAndExecute,Synchronize,Write,Delete,CreateFiles,CreateDirectories,Modify,ListDirectory",SALLE545,ThisFolderSubFoldersAndFiles,UsualConvertedRight,2,VOLDATAH,5a685d0d2525b99975921b50
320,/HOME/SBAI,"Read,ReadAndExecute,Synchronize,Write,Delete,CreateFiles,CreateDirectories,Modify,ListDirectory",SBAI,ThisFolderSubFoldersAndFiles,UsualConvertedRight,2,VOLDATAH,5a685d0d2525b99975921b52
321,/HOME/REGIE1/Messagerie,"Read,ReadAndExecute,Synchronize,Write,Delete,CreateFiles,CreateDirectories,Modify,ListDirectory",JPVS,ThisFolderSubFoldersAndFiles,UsualConvertedRight,2,VOLDATAH,5a685d0d2525b99975921b54
322,/HOME/REGIE1/Messagerie,"Read,ReadAndExecute,Synchronize,Write,Delete,CreateFiles,CreateDirectories,Modify,ListDirectory",JFX667,ThisFolderSubFoldersAndFiles,UsualConvertedRight,2,VOLDATAH,5a685d0d2525b99975921b56
323,/HOME/SBLE,"Read,ReadAndExecute,Synchronize,Write,Delete,CreateFiles,CreateDirectories,Modify,ListDirectory",SBLE,ThisFolderSubFoldersAndFiles,UsualConvertedRight,2,VOLDATAH,5a685d0d2525b99975921b58
324,/HOME/SBST,"Read,ReadAndExecute,Synchronize,Write,Delete,CreateFiles,CreateDirectories,Modify,ListDirectory",NIU389,ThisFolderSubFoldersAndFiles,UsualConvertedRight,2,VOLDATAH,5a685d0d2525b99975921b5a
325,/HOME/SCIN,"Read,ReadAndExecute,Synchronize,Write,Delete,CreateFiles,CreateDirectories,Modify,ListDirectory",SCIN,ThisFolderSubFoldersAndFiles,UsualConvertedRight,2,VOLDATAH,5a685d0d2525b99975921b5c
326,/HOME/SCLR,"Read,ReadAndExecute,Synchronize,Write,Delete,CreateFiles,CreateDirectories,Modify,ListDirectory",SCLR,ThisFolderSubFoldersAndFiles,UsualConvertedRight,2,VOLDATAH,5a685d0d2525b99975921b5e
327,/HOME/SCNT,"Read,ReadAndExecute,Synchronize,Write,Delete,CreateFiles,CreateDirectories,Modify,ListDirectory",VZZ582,ThisFolderSubFoldersAndFiles,UsualConvertedRight,2,VOLDATAH,5a685d0d2525b99975921b60
328,/HOME/SDGN,"Read,ReadAndExecute,Synchronize,Write,Delete,CreateFiles,CreateDirectories,Modify,ListDirectory",SDGN,ThisFolderSubFoldersAndFiles,UsualConvertedRight,2,VOLDATAH,5a685d0d2525b99975921b62
329,/HOME/SDMS,"Read,ReadAndExecute,Synchronize,Write,Delete,CreateFiles,CreateDirectories,Modify,ListDirectory",MFD756,ThisFolderSubFoldersAndFiles,UsualConvertedRight,2,VOLDATAH,5a685d0d2525b99975921b64
330,/HOME/SEEU,"Read,ReadAndExecute,Synchronize,Write,Delete,CreateFiles,CreateDirectories,Modify,ListDirectory",SEEU,ThisFolderSubFoldersAndFiles,UsualConvertedRight,2,VOLDATAH,5a685d0d2525b99975921b66
331,/HOME/SFRH,"Read,ReadAndExecute,Synchronize,Write,Delete,CreateFiles,CreateDirectories,Modify,ListDirectory",SFRH,ThisFolderSubFoldersAndFiles,UsualConvertedRight,2,VOLDATAH,5a685d0d2525b99975921b68
332,/HOME/SFSD,"Read,ReadAndExecute,Synchronize,Write,Delete,CreateFiles,CreateDirectories,Modify,ListDirectory",SFSD,ThisFolderSubFoldersAndFiles,UsualConvertedRight,2,VOLDATAH,5a685d0d2525b99975921b6a
333,/HOME/SGCA,"Read,ReadAndExecute,Synchronize,Write,Delete,CreateFiles,CreateDirectories,Modify,ListDirectory",SGCA,ThisFolderSubFoldersAndFiles,UsualConvertedRight,2,VOLDATAH,5a685d0d2525b99975921b6c
334,/HOME/SGIO,"Read,ReadAndExecute,Synchronize,Write,Delete,CreateFiles,CreateDirectories,Modify,ListDirectory",SGIO,ThisFolderSubFoldersAndFiles,UsualConvertedRight,2,VOLDATAH,5a685d0d2525b99975921b6e
335,/HOME/SJNT,"Read,ReadAndExecute,Synchronize,Write,Delete,CreateFiles,CreateDirectories,Modify,ListDirectory",SJNT,ThisFolderSubFoldersAndFiles,UsualConvertedRight,2,VOLDATAH,5a685d0d2525b99975921b70
336,/HOME/SKMR,"Read,ReadAndExecute,Synchronize,Write,Delete,CreateFiles,CreateDirectories,Modify,ListDirectory",ZET275,ThisFolderSubFoldersAndFiles,UsualConvertedRight,2,VOLDATAH,5a685d0d2525b99975921b72
337,/HOME/SLPO,"Read,ReadAndExecute,Synchronize,Write,Delete,CreateFiles,CreateDirectories,Modify,ListDirectory,ReadPermissions,ChangePermissions",SLPO,ThisFolderSubFoldersAndFiles,UsualConvertedRight,2,VOLDATAH,5a685d0d2525b99975921b74
338,/HOME/SLSG,"Read,ReadAndExecute,Synchronize,Write,Delete,CreateFiles,CreateDirectories,Modify,ListDirectory",UCC292,ThisFolderSubFoldersAndFiles,UsualConvertedRight,2,VOLDATAH,5a685d0d2525b99975921b76
339,/HOME/SMSR,"Read,ReadAndExecute,Synchronize,Write,Delete,CreateFiles,CreateDirectories,Modify,ListDirectory",GMJ372,ThisFolderSubFoldersAndFiles,UsualConvertedRight,2,VOLDATAH,5a685d0d2525b99975921b78
340,/HOME/SNDR,"Read,ReadAndExecute,Synchronize,Write,Delete,CreateFiles,CreateDirectories,Modify,ListDirectory",CCV446,ThisFolderSubFoldersAndFiles,UsualConvertedRight,2,VOLDATAH,5a685d0d2525b99975921b7a
341,/HOME/SPDG,"Read,ReadAndExecute,Synchronize,Write,Delete,CreateFiles,CreateDirectories,Modify,ListDirectory",ISW849,ThisFolderSubFoldersAndFiles,UsualConvertedRight,2,VOLDATAH,5a685d0d2525b99975921b7c
342,/HOME/SPVS,"Read,ReadAndExecute,Synchronize,Write,Delete,CreateFiles,CreateDirectories,Modify,ListDirectory",SPVS,ThisFolderSubFoldersAndFiles,UsualConvertedRight,2,VOLDATAH,5a685d0d2525b99975921b7e
343,/HOME/SREU,"Read,ReadAndExecute,Synchronize,Write,Delete,CreateFiles,CreateDirectories,Modify,ListDirectory,ReadPermissions,ChangePermissions",SREU,ThisFolderSubFoldersAndFiles,UsualConvertedRight,2,VOLDATAH,5a685d0d2525b99975921b80
344,/HOME/SRIN,"Read,ReadAndExecute,Synchronize,Write,Delete,CreateFiles,CreateDirectories,Modify,ListDirectory",SRIN,ThisFolderSubFoldersAndFiles,UsualConvertedRight,2,VOLDATAH,5a685d0d2525b99975921b82
345,/HOME/SSEA,"Read,ReadAndExecute,Synchronize,Write,Delete,CreateFiles,CreateDirectories,Modify,ListDirectory",SSEA,ThisFolderSubFoldersAndFiles,UsualConvertedRight,2,VOLDATAH,5a685d0d2525b99975921b84
346,/HOME/SSMZ,"Read,ReadAndExecute,Synchronize,Write,Delete,CreateFiles,CreateDirectories,Modify,ListDirectory",SSMZ,ThisFolderSubFoldersAndFiles,UsualConvertedRight,2,VOLDATAH,5a685d0d2525b99975921b86
347,/HOME/ST1FOND,"Read,ReadAndExecute,Synchronize,Write,Delete,CreateFiles,CreateDirectories,Modify,ListDirectory",ST1FOND,ThisFolderSubFoldersAndFiles,UsualConvertedRight,2,VOLDATAH,5a685d0d2525b99975921b88
348,/HOME/STAG2BM,"Read,ReadAndExecute,Synchronize,Write,Delete,CreateFiles,CreateDirectories,Modify,ListDirectory",SWD610,ThisFolderSubFoldersAndFiles,UsualConvertedRight,2,VOLDATAH,5a685d0d2525b99975921b8a
349,/HOME/Stag31D8,"Read,ReadAndExecute,Synchronize,Write,Delete,CreateFiles,CreateDirectories,Modify,ListDirectory",NFG038,ThisFolderSubFoldersAndFiles,UsualConvertedRight,2,VOLDATAH,5a685d0d2525b99975921b8c
350,/HOME/STAG5BM,"Read,ReadAndExecute,Synchronize,Write,Delete,CreateFiles,CreateDirectories,Modify,ListDirectory",UQZ815,ThisFolderSubFoldersAndFiles,UsualConvertedRight,2,VOLDATAH,5a685d0d2525b99975921b8e
351,/HOME/STAG5BM ,"Read,ReadAndExecute,Synchronize,Write,Delete,CreateFiles,CreateDirectories,Modify,ListDirectory,ReadPermissions,ChangePermissions",UQZ815,ThisFolderSubFoldersAndFiles,UsualConvertedRight,2,VOLDATAH,5a685d0d2525b99975921b90
352,/HOME/Stag60D8,"Read,ReadAndExecute,Synchronize,Write,Delete,CreateFiles,CreateDirectories,Modify,ListDirectory",ZCE167,ThisFolderSubFoldersAndFiles,UsualConvertedRight,2,VOLDATAH,5a685d0d2525b99975921b92
353,/HOME/Stag62D8,"Read,ReadAndExecute,Synchronize,Write,Delete,CreateFiles,CreateDirectories,Modify,ListDirectory",Stag62D8,ThisFolderSubFoldersAndFiles,UsualConvertedRight,2,VOLDATAH,5a685d0d2525b99975921b94
354,/HOME/Stage8D8,"Read,ReadAndExecute,Synchronize,Write,Delete,CreateFiles,CreateDirectories,Modify,ListDirectory",AJJ639,ThisFolderSubFoldersAndFiles,UsualConvertedRight,2,VOLDATAH,5a685d0d2525b99975921b96
355,/HOME/STAGEVT2,"Read,ReadAndExecute,Synchronize,Write,Delete,CreateFiles,CreateDirectories,Modify,ListDirectory",STAGEVT2,ThisFolderSubFoldersAndFiles,UsualConvertedRight,2,VOLDATAH,5a685d0d2525b99975921b98
356,/HOME/STBMR01,"Read,ReadAndExecute,Synchronize,Write,Delete,CreateFiles,CreateDirectories,Modify,ListDirectory",STBMR01,ThisFolderSubFoldersAndFiles,UsualConvertedRight,2,VOLDATAH,5a685d0d2525b99975921b9a
357,/HOME/STBMR02,"Read,ReadAndExecute,Synchronize,Write,Delete,CreateFiles,CreateDirectories,Modify,ListDirectory",URV835,ThisFolderSubFoldersAndFiles,UsualConvertedRight,2,VOLDATAH,5a685d0d2525b99975921b9c
358,/HOME/STBMR03,"Read,ReadAndExecute,Synchronize,Write,Delete,CreateFiles,CreateDirectories,Modify,ListDirectory",IWK797,ThisFolderSubFoldersAndFiles,UsualConvertedRight,2,VOLDATAH,5a685d0d2525b99975921b9e
359,/HOME/STCS,"Read,ReadAndExecute,Synchronize,Write,Delete,CreateFiles,CreateDirectories,Modify,ListDirectory",ECN214,ThisFolderSubFoldersAndFiles,UsualConvertedRight,2,VOLDATAH,5a685d0d2525b99975921ba0
360,/HOME/STDIRGE2,"Read,ReadAndExecute,Synchronize,Write,Delete,CreateFiles,CreateDirectories,Modify,ListDirectory",STDIRGE2,ThisFolderSubFoldersAndFiles,UsualConvertedRight,2,VOLDATAH,5a685d0d2525b99975921ba2
361,/HOME/STDIRGE3,"Read,ReadAndExecute,Synchronize,Write,Delete,CreateFiles,CreateDirectories,Modify,ListDirectory",STDIRGE3,ThisFolderSubFoldersAndFiles,UsualConvertedRight,2,VOLDATAH,5a685d0d2525b99975921ba4
362,/HOME/STDMAT01,"Read,ReadAndExecute,Synchronize,Write,Delete,CreateFiles,CreateDirectories,Modify,ListDirectory",IZW043,ThisFolderSubFoldersAndFiles,UsualConvertedRight,2,VOLDATAH,5a685d0d2525b99975921ba6
363,/HOME/STDRHD8,"Read,ReadAndExecute,Synchronize,Write,Delete,CreateFiles,CreateDirectories,Modify,ListDirectory",STDRHD8,ThisFolderSubFoldersAndFiles,UsualConvertedRight,2,VOLDATAH,5a685d0d2525b99975921ba8
364,/HOME/STEARTH1,"Read,ReadAndExecute,Synchronize,Write,Delete,CreateFiles,CreateDirectories,Modify,ListDirectory",STEARTH1,ThisFolderSubFoldersAndFiles,UsualConvertedRight,2,VOLDATAH,5a685d0d2525b99975921baa
365,/HOME/STFISCA1,"Read,ReadAndExecute,Synchronize,Write,Delete,CreateFiles,CreateDirectories,Modify,ListDirectory",STFISCA1,ThisFolderSubFoldersAndFiles,UsualConvertedRight,2,VOLDATAH,5a685d0d2525b99975921bac
366,/HOME/STMAT01,"Read,ReadAndExecute,Synchronize,Write,Delete,CreateFiles,CreateDirectories,Modify,ListDirectory",STMAT01,ThisFolderSubFoldersAndFiles,UsualConvertedRight,2,VOLDATAH,5a685d0d2525b99975921bae
367,/HOME/STOS,"Read,ReadAndExecute,Synchronize,Write,Delete,CreateFiles,CreateDirectories,Modify,ListDirectory",STOS,ThisFolderSubFoldersAndFiles,UsualConvertedRight,2,VOLDATAH,5a685d0d2525b99975921bb0
368,/HOME/STREGI10,"Read,ReadAndExecute,Synchronize,Write,Delete,CreateFiles,CreateDirectories,Modify,ListDirectory",PQY897,ThisFolderSubFoldersAndFiles,UsualConvertedRight,2,VOLDATAH,5a685d0d2525b99975921bb2
369,/HOME/STREGI13,"Read,ReadAndExecute,Synchronize,Write,Delete,CreateFiles,CreateDirectories,Modify,ListDirectory",STREGI13,ThisFolderSubFoldersAndFiles,UsualConvertedRight,2,VOLDATAH,5a685d0d2525b99975921bb4
370,/HOME/STREGI15,"Read,ReadAndExecute,Synchronize,Write,Delete,CreateFiles,CreateDirectories,Modify,ListDirectory",UYF406,ThisFolderSubFoldersAndFiles,UsualConvertedRight,2,VOLDATAH,5a685d0d2525b99975921bb6
371,/HOME/STREGI17,"Read,ReadAndExecute,Synchronize,Write,Delete,CreateFiles,CreateDirectories,Modify,ListDirectory",IAI874,ThisFolderSubFoldersAndFiles,UsualConvertedRight,2,VOLDATAH,5a685d0d2525b99975921bb8
372,/HOME/STREGIE2,"Read,ReadAndExecute,Synchronize,Write,Delete,CreateFiles,CreateDirectories,Modify,ListDirectory",WTM909,ThisFolderSubFoldersAndFiles,UsualConvertedRight,2,VOLDATAH,5a685d0d2525b99975921bba
373,/HOME/STREGIE4,"Read,ReadAndExecute,Synchronize,Write,Delete,CreateFiles,CreateDirectories,Modify,ListDirectory",STREGIE4,ThisFolderSubFoldersAndFiles,UsualConvertedRight,2,VOLDATAH,5a685d0d2525b99975921bbc
374,/HOME/STREGIE5,"Read,ReadAndExecute,Synchronize,Write,Delete,CreateFiles,CreateDirectories,Modify,ListDirectory",SQL960,ThisFolderSubFoldersAndFiles,UsualConvertedRight,2,VOLDATAH,5a685d0d2525b99975921bbe
375,/HOME/STREGIE6,"Read,ReadAndExecute,Synchronize,Write,Delete,CreateFiles,CreateDirectories,Modify,ListDirectory",STREGIE6,ThisFolderSubFoldersAndFiles,UsualConvertedRight,2,VOLDATAH,5a685d0d2525b99975921bc0
376,/HOME/STREGIE7,"Read,ReadAndExecute,Synchronize,Write,Delete,CreateFiles,CreateDirectories,Modify,ListDirectory",STREGIE7,ThisFolderSubFoldersAndFiles,UsualConvertedRight,2,VOLDATAH,5a685d0d2525b99975921bc2
377,/HOME/STSI,"Read,ReadAndExecute,Synchronize,Write,Delete,CreateFiles,CreateDirectories,Modify,ListDirectory",JNC964,ThisFolderSubFoldersAndFiles,UsualConvertedRight,2,VOLDATAH,5a685d0d2525b99975921bc4
378,/HOME/STWEB01,"Read,ReadAndExecute,Synchronize,Write,Delete,CreateFiles,CreateDirectories,Modify,ListDirectory",AON557,ThisFolderSubFoldersAndFiles,UsualConvertedRight,2,VOLDATAH,5a685d0d2525b99975921bc6
379,/HOME/STWEB02,"Read,ReadAndExecute,Synchronize,Write,Delete,CreateFiles,CreateDirectories,Modify,ListDirectory",FWT142,ThisFolderSubFoldersAndFiles,UsualConvertedRight,2,VOLDATAH,5a685d0d2525b99975921bc8
380,/HOME/STWEB03,"Read,ReadAndExecute,Synchronize,Write,Delete,CreateFiles,CreateDirectories,Modify,ListDirectory",VPW553,ThisFolderSubFoldersAndFiles,UsualConvertedRight,2,VOLDATAH,5a685d0d2525b99975921bca
381,/HOME/STWEB04,"Read,ReadAndExecute,Synchronize,Write,Delete,CreateFiles,CreateDirectories,Modify,ListDirectory",STWEB04,ThisFolderSubFoldersAndFiles,UsualConvertedRight,2,VOLDATAH,5a685d0d2525b99975921bcc
382,/HOME/STWEB05,"Read,ReadAndExecute,Synchronize,Write,Delete,CreateFiles,CreateDirectories,Modify,ListDirectory",VKW935,ThisFolderSubFoldersAndFiles,UsualConvertedRight,2,VOLDATAH,5a685d0d2525b99975921bce
383,/HOME/STWEB06,"Read,ReadAndExecute,Synchronize,Write,Delete,CreateFiles,CreateDirectories,Modify,ListDirectory",STWEB06,ThisFolderSubFoldersAndFiles,UsualConvertedRight,2,VOLDATAH,5a685d0d2525b99975921bd0
384,/HOME/STWEB07,"Read,ReadAndExecute,Synchronize,Write,Delete,CreateFiles,CreateDirectories,Modify,ListDirectory",STWEB07,ThisFolderSubFoldersAndFiles,UsualConvertedRight,2,VOLDATAH,5a685d0d2525b99975921bd2
385,/HOME/STWEB08,"Read,ReadAndExecute,Synchronize,Write,Delete,CreateFiles,CreateDirectories,Modify,ListDirectory",STWEB08,ThisFolderSubFoldersAndFiles,UsualConvertedRight,2,VOLDATAH,5a685d0d2525b99975921bd4
386,/HOME/STWEB09,"Read,ReadAndExecute,Synchronize,Write,Delete,CreateFiles,CreateDirectories,Modify,ListDirectory",STWEB09,ThisFolderSubFoldersAndFiles,UsualConvertedRight,2,VOLDATAH,5a685d0d2525b99975921bd6
387,/HOME/STWEB10,"Read,ReadAndExecute,Synchronize,Write,Delete,CreateFiles,CreateDirectories,Modify,ListDirectory",STWEB10,ThisFolderSubFoldersAndFiles,UsualConvertedRight,2,VOLDATAH,5a685d0d2525b99975921bd8
388,/HOME/SVET,"Read,ReadAndExecute,Synchronize,Write,Delete,CreateFiles,CreateDirectories,Modify,ListDirectory",SVET,ThisFolderSubFoldersAndFiles,UsualConvertedRight,2,VOLDATAH,5a685d0d2525b99975921bda
389,/HOME/TJLQ,"Read,ReadAndExecute,Synchronize,Write,Delete,CreateFiles,CreateDirectories,Modify,ListDirectory",TJLQ,ThisFolderSubFoldersAndFiles,UsualConvertedRight,2,VOLDATAH,5a685d0d2525b99975921bdc
390,/HOME/TLAD,"Read,ReadAndExecute,Synchronize,Write,Delete,CreateFiles,CreateDirectories,Modify,ListDirectory",KDB709,ThisFolderSubFoldersAndFiles,UsualConvertedRight,2,VOLDATAH,5a685d0d2525b99975921bde
391,/HOME/TPAG,"Read,ReadAndExecute,Synchronize,Write,Delete,CreateFiles,CreateDirectories,Modify,ListDirectory",TPAG,ThisFolderSubFoldersAndFiles,UsualConvertedRight,2,VOLDATAH,5a685d0d2525b99975921be0
392,/HOME/TRESM5,"Read,ReadAndExecute,Synchronize,Write,Delete,CreateFiles,CreateDirectories,Modify,ListDirectory",KYU206,ThisFolderSubFoldersAndFiles,UsualConvertedRight,2,VOLDATAH,5a685d0d2525b99975921be2
393,/HOME/UNICAF1,"Read,ReadAndExecute,Synchronize,Write,Delete,CreateFiles,CreateDirectories,Modify,ListDirectory",UNICAF1,ThisFolderSubFoldersAndFiles,UsualConvertedRight,2,VOLDATAH,5a685d0d2525b99975921be4
394,/HOME/VADN,"Read,ReadAndExecute,Synchronize,Write,Delete,CreateFiles,CreateDirectories,Modify,ListDirectory",VADN,ThisFolderSubFoldersAndFiles,UsualConvertedRight,2,VOLDATAH,5a685d0d2525b99975921be6
395,/HOME/VBLE,"Read,ReadAndExecute,Synchronize,Write,Delete,CreateFiles,CreateDirectories,Modify,ListDirectory",XTU633,ThisFolderSubFoldersAndFiles,UsualConvertedRight,2,VOLDATAH,5a685d0d2525b99975921be8
396,/HOME/VBNT,"Read,ReadAndExecute,Synchronize,Write,Delete,CreateFiles,CreateDirectories,Modify,ListDirectory",VTW817,ThisFolderSubFoldersAndFiles,UsualConvertedRight,2,VOLDATAH,5a685d0d2525b99975921bea
397,/HOME/VBSC,"Read,ReadAndExecute,Synchronize,Write,Delete,CreateFiles,CreateDirectories,Modify,ListDirectory",VBSC,ThisFolderSubFoldersAndFiles,UsualConvertedRight,2,VOLDATAH,5a685d0d2525b99975921bec
398,/HOME/VDBS,"Read,ReadAndExecute,Synchronize,Write,Delete,CreateFiles,CreateDirectories,Modify,ListDirectory",MPH414,ThisFolderSubFoldersAndFiles,UsualConvertedRight,2,VOLDATAH,5a685d0d2525b99975921bee
399,/HOME/VDNU,"Read,ReadAndExecute,Synchronize,Write,Delete,CreateFiles,CreateDirectories,Modify,ListDirectory",PPM761,ThisFolderSubFoldersAndFiles,UsualConvertedRight,2,VOLDATAH,5a685d0d2525b99975921bf0
400,/HOME/VDVL,"Read,ReadAndExecute,Synchronize,Write,Delete,CreateFiles,CreateDirectories,Modify,ListDirectory",FLY102,ThisFolderSubFoldersAndFiles,UsualConvertedRight,2,VOLDATAH,5a685d0d2525b99975921bf2
401,/HOME/VFUE,"Read,ReadAndExecute,Synchronize,Write,Delete,CreateFiles,CreateDirectories,Modify,ListDirectory",RMD781,ThisFolderSubFoldersAndFiles,UsualConvertedRight,2,VOLDATAH,5a685d0d2525b99975921bf4
402,/HOME/VIDEO,"Read,ReadAndExecute,Synchronize,Write,Delete,CreateFiles,CreateDirectories,Modify,ListDirectory",MED811,ThisFolderSubFoldersAndFiles,UsualConvertedRight,2,VOLDATAH,5a685d0d2525b99975921bf6
403,/HOME/VJNE,"Read,ReadAndExecute,Synchronize,Write,Delete,CreateFiles,CreateDirectories,Modify,ListDirectory",SSB295,ThisFolderSubFoldersAndFiles,UsualConvertedRight,2,VOLDATAH,5a685d0d2525b99975921bf8
404,/HOME/VLBE,"Read,ReadAndExecute,Synchronize,Write,Delete,CreateFiles,CreateDirectories,Modify,ListDirectory",AKX374,ThisFolderSubFoldersAndFiles,UsualConvertedRight,2,VOLDATAH,5a685d0d2525b99975921bfa
405,/HOME/VMEN,"Read,ReadAndExecute,Synchronize,Write,Delete,CreateFiles,CreateDirectories,Modify,ListDirectory",VMEN,ThisFolderSubFoldersAndFiles,UsualConvertedRight,2,VOLDATAH,5a685d0d2525b99975921bfc
406,/HOME/VRAD,"Read,ReadAndExecute,Synchronize,Write,Delete,CreateFiles,CreateDirectories,Modify,ListDirectory",VRAD,ThisFolderSubFoldersAndFiles,UsualConvertedRight,2,VOLDATAH,5a685d0d2525b99975921bfe
407,/HOME/VRIY,"Read,ReadAndExecute,Synchronize,Write,Delete,CreateFiles,CreateDirectories,Modify,ListDirectory",VRIY,ThisFolderSubFoldersAndFiles,UsualConvertedRight,2,VOLDATAH,5a685d0d2525b99975921c00
408,/HOME/WAOR,"Read,ReadAndExecute,Synchronize,Write,Delete,CreateFiles,CreateDirectories,Modify,ListDirectory",UIC701,ThisFolderSubFoldersAndFiles,UsualConvertedRight,2,VOLDATAH,5a685d0d2525b99975921c02
409,/HOME/XAIT,"Read,ReadAndExecute,Synchronize,Write,Delete,CreateFiles,CreateDirectories,Modify,ListDirectory",HFJ290,ThisFolderSubFoldersAndFiles,UsualConvertedRight,2,VOLDATAH,5a685d0d2525b99975921c04
410,/HOME/XDPD,"Read,ReadAndExecute,Synchronize,Write,Delete,CreateFiles,CreateDirectories,Modify,ListDirectory",XDPD,ThisFolderSubFoldersAndFiles,UsualConvertedRight,2,VOLDATAH,5a685d0d2525b99975921c06
411,/HOME/XFND,"Read,ReadAndExecute,Synchronize,Write,Delete,CreateFiles,CreateDirectories,Modify,ListDirectory",YYL729,ThisFolderSubFoldersAndFiles,UsualConvertedRight,2,VOLDATAH,5a685d0d2525b99975921c08
412,/HOME/XQIU,"Read,ReadAndExecute,Synchronize,Write,Delete,CreateFiles,CreateDirectories,Modify,ListDirectory",RXW735,ThisFolderSubFoldersAndFiles,UsualConvertedRight,2,VOLDATAH,5a685d0d2525b99975921c0a
413,/HOME/XDPD/YBDN,"Read,ReadAndExecute,Synchronize,Write,Delete,CreateFiles,CreateDirectories,Modify,ListDirectory",YBDN,ThisFolderSubFoldersAndFiles,UsualConvertedRight,2,VOLDATAH,5a685d0d2525b99975921c0c
414,/HOME/YBLE,"Read,ReadAndExecute,Synchronize,Write,Delete,CreateFiles,CreateDirectories,Modify,ListDirectory",YBLE,ThisFolderSubFoldersAndFiles,UsualConvertedRight,2,VOLDATAH,5a685d0d2525b99975921c0e
415,/HOME/YLCQ,"Read,ReadAndExecute,Synchronize,Write,Delete,CreateFiles,CreateDirectories,Modify,ListDirectory,ReadPermissions,ChangePermissions",EEX817,ThisFolderSubFoldersAndFiles,UsualConvertedRight,2,VOLDATAH,5a685d0d2525b99975921c10
416,/HOME/YLGC,"Read,ReadAndExecute,Synchronize,Write,Delete,CreateFiles,CreateDirectories,Modify,ListDirectory,ReadPermissions,ChangePermissions",NBZ796,ThisFolderSubFoldersAndFiles,UsualConvertedRight,2,VOLDATAH,5a685d0d2525b99975921c12
417,/HOME/YRBN,"Read,ReadAndExecute,Synchronize,Write,Delete,CreateFiles,CreateDirectories,Modify,ListDirectory",VIA550,ThisFolderSubFoldersAndFiles,UsualConvertedRight,2,VOLDATAH,5a685d0d2525b99975921c14
418,/HOME/ZRK,"Read,ReadAndExecute,Synchronize,Write,Delete,CreateFiles,CreateDirectories,Modify,ListDirectory",YYM647,ThisFolderSubFoldersAndFiles,UsualConvertedRight,2,VOLDATAH,5a685d0d2525b99975921c16
419,/HOME/ZSAI,"Read,ReadAndExecute,Synchronize,Write,Delete,CreateFiles,CreateDirectories,Modify,ListDirectory",MUF207,ThisFolderSubFoldersAndFiles,UsualConvertedRight,2,VOLDATAH,5a685d0d2525b99975921c18
420,/HOME/ZSTA,"Read,ReadAndExecute,Synchronize,Write,Delete,CreateFiles,CreateDirectories,Modify,ListDirectory",HQR252,ThisFolderSubFoldersAndFiles,UsualConvertedRight,2,VOLDATAH,5a685d0d2525b99975921c1a
421,/HOME/MSVR,"Read,ReadAndExecute,Synchronize,Write,Delete,CreateFiles,CreateDirectories,Modify,ListDirectory",MSVR,ThisFolderSubFoldersAndFiles,UsualConvertedRight,2,VOLDATAH,5a685d0d2525b99975921c1c
422,/HOME/SMNN,"Read,ReadAndExecute,Synchronize,Write,Delete,CreateFiles,CreateDirectories,Modify,ListDirectory",SMNN,ThisFolderSubFoldersAndFiles,UsualConvertedRight,2,VOLDATAH,5a685d0d2525b99975921c1e
423,/HOME/STEARTH2,"Read,ReadAndExecute,Synchronize,Write,Delete,CreateFiles,CreateDirectories,Modify,ListDirectory",STEARTH2,ThisFolderSubFoldersAndFiles,UsualConvertedRight,2,VOLDATAH,5a685d0d2525b99975921c20
424,/HOME/NBNR,"Read,ReadAndExecute,Synchronize,Write,Delete,CreateFiles,CreateDirectories,Modify,ListDirectory",NBNR,ThisFolderSubFoldersAndFiles,UsualConvertedRight,2,VOLDATAH,5a685d0d2525b99975921c22
425,/HOME/TCSS,"Read,ReadAndExecute,Synchronize,Write,Delete,CreateFiles,CreateDirectories,Modify,ListDirectory",YFI586,ThisFolderSubFoldersAndFiles,UsualConvertedRight,2,VOLDATAH,5a685d0d2525b99975921c24
426,/HOME/MACT,"Read,ReadAndExecute,Synchronize,Write,Delete,CreateFiles,CreateDirectories,Modify,ListDirectory",MACT,ThisFolderSubFoldersAndFiles,UsualConvertedRight,2,VOLDATAH,5a685d0d2525b99975921c26
427,/HOME/MDIL,"Read,ReadAndExecute,Synchronize,Write,Delete,CreateFiles,CreateDirectories,Modify,ListDirectory",MDIL,ThisFolderSubFoldersAndFiles,UsualConvertedRight,2,VOLDATAH,5a685d0d2525b99975921c28
428,/HOME/SELY,"Read,ReadAndExecute,Synchronize,Write,Delete,CreateFiles,CreateDirectories,Modify,ListDirectory",SELY,ThisFolderSubFoldersAndFiles,UsualConvertedRight,2,VOLDATAH,5a685d0d2525b99975921c2a
429,/HOME/LSDG01,"Read,ReadAndExecute,Synchronize,Write,Delete,CreateFiles,CreateDirectories,Modify,ListDirectory",LSDG01,ThisFolderSubFoldersAndFiles,UsualConvertedRight,2,VOLDATAH,5a685d0d2525b99975921c2c
430,/HOME/STWEB11,"Read,ReadAndExecute,Synchronize,Write,Delete,CreateFiles,CreateDirectories,Modify,ListDirectory",STWEB11,ThisFolderSubFoldersAndFiles,UsualConvertedRight,2,VOLDATAH,5a685d0d2525b99975921c2e
431,/HOME/PLLE,"Read,ReadAndExecute,Synchronize,Write,Delete,CreateFiles,CreateDirectories,Modify,ListDirectory",DCD348,ThisFolderSubFoldersAndFiles,UsualConvertedRight,2,VOLDATAH,5a685d0d2525b99975921c30
432,/HOME/CLDL,"Read,ReadAndExecute,Synchronize,Write,Delete,CreateFiles,CreateDirectories,Modify,ListDirectory",CLDL,ThisFolderSubFoldersAndFiles,UsualConvertedRight,2,VOLDATAH,5a685d0d2525b99975921c32
433,/HOME/PDAE,"Read,ReadAndExecute,Synchronize,Write,Delete,CreateFiles,CreateDirectories,Modify,ListDirectory",GZH394,ThisFolderSubFoldersAndFiles,UsualConvertedRight,2,VOLDATAH,5a685d0d2525b99975921c34
434,/HOME/SHRH,"Read,ReadAndExecute,Synchronize,Write,Delete,CreateFiles,CreateDirectories,Modify,ListDirectory",SHRH,ThisFolderSubFoldersAndFiles,UsualConvertedRight,2,VOLDATAH,5a685d0d2525b99975921c36
435,/HOME/TTSI,"Read,ReadAndExecute,Synchronize,Write,Delete,CreateFiles,CreateDirectories,Modify,ListDirectory,ReadPermissions,ChangePermissions",LSZ146,ThisFolderSubFoldersAndFiles,UsualConvertedRight,2,VOLDATAH,5a685d0d2525b99975921c38
436,/HOME/STBMR04,"Read,ReadAndExecute,Synchronize,Write,Delete,CreateFiles,CreateDirectories,Modify,ListDirectory",JTS944,ThisFolderSubFoldersAndFiles,UsualConvertedRight,2,VOLDATAH,5a685d0d2525b99975921c3a
437,/HOME/ADTS,"Read,ReadAndExecute,Synchronize,Write,Delete,CreateFiles,CreateDirectories,Modify,ListDirectory",ADTS,ThisFolderSubFoldersAndFiles,UsualConvertedRight,2,VOLDATAH,5a685d0d2525b99975921c3c
438,/HOME/EGTF,"Read,ReadAndExecute,Synchronize,Write,Delete,CreateFiles,CreateDirectories,Modify,ListDirectory",EGTF,ThisFolderSubFoldersAndFiles,UsualConvertedRight,2,VOLDATAH,5a685d0d2525b99975921c3e
439,/HOME/MCVS,"Read,ReadAndExecute,Synchronize,Write,Delete,CreateFiles,CreateDirectories,Modify,ListDirectory",MCVS,ThisFolderSubFoldersAndFiles,UsualConvertedRight,2,VOLDATAH,5a685d0d2525b99975921c40
440,/HOME/FDAY,"Read,ReadAndExecute,Synchronize,Write,Delete,CreateFiles,CreateDirectories,Modify,ListDirectory",ZQC045,ThisFolderSubFoldersAndFiles,UsualConvertedRight,2,VOLDATAH,5a685d0d2525b99975921c42
441,/HOME/HSMN,"Read,ReadAndExecute,Synchronize,Write,Delete,CreateFiles,CreateDirectories,Modify,ListDirectory",HSMN,ThisFolderSubFoldersAndFiles,UsualConvertedRight,2,VOLDATAH,5a685d0d2525b99975921c44
442,/HOME/STBMR05,"Read,ReadAndExecute,Synchronize,Write,Delete,CreateFiles,CreateDirectories,Modify,ListDirectory",FJG763,ThisFolderSubFoldersAndFiles,UsualConvertedRight,2,VOLDATAH,5a685d0e2525b99975921c46
443,/HOME/LSDMAT01,"Read,ReadAndExecute,Synchronize,Write,Delete,CreateFiles,CreateDirectories,Modify,ListDirectory",UCD134,ThisFolderSubFoldersAndFiles,UsualConvertedRight,2,VOLDATAH,5a685d0e2525b99975921c48
444,/HOME/TVLN,"Read,ReadAndExecute,Synchronize,Write,Delete,CreateFiles,CreateDirectories,Modify,ListDirectory",TVLN,ThisFolderSubFoldersAndFiles,UsualConvertedRight,2,VOLDATAH,5a685d0e2525b99975921c4a
445,/HOME/TVLN,"Read,ReadAndExecute,Synchronize,Write,Delete,CreateFiles,CreateDirectories,Modify,ListDirectory",APW582,ThisFolderSubFoldersAndFiles,UsualConvertedRight,2,VOLDATAH,5a685d0e2525b99975921c4c
446,/HOME/APPLE1,"Read,ReadAndExecute,Synchronize,Write,Delete,CreateFiles,CreateDirectories,Modify,ListDirectory",YUK162,ThisFolderSubFoldersAndFiles,UsualConvertedRight,2,VOLDATAH,5a685d0e2525b99975921c4e
447,/HOME/APPLE2,"Read,ReadAndExecute,Synchronize,Write,Delete,CreateFiles,CreateDirectories,Modify,ListDirectory",APPLE2,ThisFolderSubFoldersAndFiles,UsualConvertedRight,2,VOLDATAH,5a685d0e2525b99975921c50
448,/HOME/MHFI,"Read,ReadAndExecute,Synchronize,Write,Delete,CreateFiles,CreateDirectories,Modify,ListDirectory",FMW088,ThisFolderSubFoldersAndFiles,UsualConvertedRight,2,VOLDATAH,5a685d0e2525b99975921c52
449,/HOME/VLUT,"Read,ReadAndExecute,Synchronize,Write,Delete,CreateFiles,CreateDirectories,Modify,ListDirectory",VLUT,ThisFolderSubFoldersAndFiles,UsualConvertedRight,2,VOLDATAH,5a685d0e2525b99975921c54
450,/HOME/FMSI,"Read,ReadAndExecute,Synchronize,Write,Delete,CreateFiles,CreateDirectories,Modify,ListDirectory",FMSI,ThisFolderSubFoldersAndFiles,UsualConvertedRight,2,VOLDATAH,5a685d0e2525b99975921c56
451,/HOME/MATA,"Read,ReadAndExecute,Synchronize,Write,Delete,CreateFiles,CreateDirectories,Modify,ListDirectory",KZG970,ThisFolderSubFoldersAndFiles,UsualConvertedRight,2,VOLDATAH,5a685d0e2525b99975921c58
452,/HOME/GHST,"Read,ReadAndExecute,Synchronize,Write,Delete,CreateFiles,CreateDirectories,Modify,ListDirectory",AJB095,ThisFolderSubFoldersAndFiles,UsualConvertedRight,2,VOLDATAH,5a685d0e2525b99975921c5a
453,/HOME/SREZ,"Read,ReadAndExecute,Synchronize,Write,Delete,CreateFiles,CreateDirectories,Modify,ListDirectory",SREZ,ThisFolderSubFoldersAndFiles,UsualConvertedRight,2,VOLDATAH,5a685d0e2525b99975921c5c
454,/HOME/PILOTEATOS,"Read,ReadAndExecute,Synchronize,Write,Delete,CreateFiles,CreateDirectories,Modify,ListDirectory",OQR491,ThisFolderSubFoldersAndFiles,UsualConvertedRight,2,VOLDATAH,5a685d0e2525b99975921c5e
455,/HOME/STBMR06,"Read,ReadAndExecute,Synchronize,Write,Delete,CreateFiles,CreateDirectories,Modify,ListDirectory",GWU593,ThisFolderSubFoldersAndFiles,UsualConvertedRight,2,VOLDATAH,5a685d0e2525b99975921c60
456,/HOME/STBMR07,"Read,ReadAndExecute,Synchronize,Write,Delete,CreateFiles,CreateDirectories,Modify,ListDirectory",OCG780,ThisFolderSubFoldersAndFiles,UsualConvertedRight,2,VOLDATAH,5a685d0e2525b99975921c62
457,/HOME/STDMAT02,"Read,ReadAndExecute,Synchronize,Write,Delete,CreateFiles,CreateDirectories,Modify,ListDirectory",GEE164,ThisFolderSubFoldersAndFiles,UsualConvertedRight,2,VOLDATAH,5a685d0e2525b99975921c64
458,/HOME/STBMR08,"Read,ReadAndExecute,Synchronize,Write,Delete,CreateFiles,CreateDirectories,Modify,ListDirectory",STBMR08,ThisFolderSubFoldersAndFiles,UsualConvertedRight,2,VOLDATAH,5a685d0e2525b99975921c66
459,/HOME/LSOPTIMA,"Read,ReadAndExecute,Synchronize,Write,Delete,CreateFiles,CreateDirectories,Modify,ListDirectory",SZD105,ThisFolderSubFoldersAndFiles,UsualConvertedRight,2,VOLDATAH,5a685d0e2525b99975921c68
460,/HOME/CAPTAINF7x,"Read,ReadAndExecute,Synchronize,Write,Delete,CreateFiles,CreateDirectories,Modify,ListDirectory",CAPTAINF7x,ThisFolderSubFoldersAndFiles,UsualConvertedRight,2,VOLDATAH,5a685d0e2525b99975921c6a
461,/HOME/FIRSTOFFICERF7x,"Read,ReadAndExecute,Synchronize,Write,Delete,CreateFiles,CreateDirectories,Modify,ListDirectory",FIRSTOFFICERF7x,ThisFolderSubFoldersAndFiles,UsualConvertedRight,2,VOLDATAH,5a685d0e2525b99975921c6c
462,/HOME/TECHNICIANF7x,"Read,ReadAndExecute,Synchronize,Write,Delete,CreateFiles,CreateDirectories,Modify,ListDirectory",TECHNICIANF7x,ThisFolderSubFoldersAndFiles,UsualConvertedRight,2,VOLDATAH,5a685d0e2525b99975921c6e
463,/HOME/CAPTAING6,"Read,ReadAndExecute,Synchronize,Write,Delete,CreateFiles,CreateDirectories,Modify,ListDirectory",CAPTAING6,ThisFolderSubFoldersAndFiles,UsualConvertedRight,2,VOLDATAH,5a685d0e2525b99975921c70
464,/HOME/FIRSTOFFICERG6,"Read,ReadAndExecute,Synchronize,Write,Delete,CreateFiles,CreateDirectories,Modify,ListDirectory",FIRSTOFFICERG6,ThisFolderSubFoldersAndFiles,UsualConvertedRight,2,VOLDATAH,5a685d0e2525b99975921c72
465,/HOME/TECHNICIANG6,"Read,ReadAndExecute,Synchronize,Write,Delete,CreateFiles,CreateDirectories,Modify,ListDirectory",TECHNICIANG6,ThisFolderSubFoldersAndFiles,UsualConvertedRight,2,VOLDATAH,5a685d0e2525b99975921c74
466,/HOME/LSTECDSI,"Read,ReadAndExecute,Synchronize,Write,Delete,CreateFiles,CreateDirectories,Modify,ListDirectory",LSTECDSI,ThisFolderSubFoldersAndFiles,UsualConvertedRight,2,VOLDATAH,5a685d0e2525b99975921c76
467,/HOME/LSCONSO3,"Read,ReadAndExecute,Synchronize,Write,Delete,CreateFiles,CreateDirectories,Modify,ListDirectory",CKC764,ThisFolderSubFoldersAndFiles,UsualConvertedRight,2,VOLDATAH,5a685d0e2525b99975921c78
468,/HOME/SMLT,"Read,ReadAndExecute,Synchronize,Write,Delete,CreateFiles,CreateDirectories,Modify,ListDirectory",SMLT,ThisFolderSubFoldersAndFiles,UsualConvertedRight,2,VOLDATAH,5a685d0e2525b99975921c7a
469,/HOME/STDMAT05,"Read,ReadAndExecute,Synchronize,Write,Delete,CreateFiles,CreateDirectories,Modify,ListDirectory",STDMAT05,ThisFolderSubFoldersAndFiles,UsualConvertedRight,2,VOLDATAH,5a685d0e2525b99975921c7c
470,/HOME/STBMD01,"Read,ReadAndExecute,Synchronize,Write,Delete,CreateFiles,CreateDirectories,Modify,ListDirectory",STBMD01,ThisFolderSubFoldersAndFiles,UsualConvertedRight,2,VOLDATAH,5a685d0e2525b99975921c7e
471,/HOME/FLDN,"Read,ReadAndExecute,Synchronize,Write,Delete,CreateFiles,CreateDirectories,Modify,ListDirectory",LXF256,ThisFolderSubFoldersAndFiles,UsualConvertedRight,2,VOLDATAH,5a685d0e2525b99975921c80
472,/HOME/TDMY,"Read,ReadAndExecute,Synchronize,Write,Delete,CreateFiles,CreateDirectories,Modify,ListDirectory",XTI334,ThisFolderSubFoldersAndFiles,UsualConvertedRight,2,VOLDATAH,5a685d0e2525b99975921c82
473,/HOME/APOI,"Read,ReadAndExecute,Synchronize,Write,Delete,CreateFiles,CreateDirectories,Modify,ListDirectory",APOI,ThisFolderSubFoldersAndFiles,UsualConvertedRight,2,VOLDATAH,5a685d0e2525b99975921c84
474,/HOME/STBMR10,"Read,ReadAndExecute,Synchronize,Write,Delete,CreateFiles,CreateDirectories,Modify,ListDirectory",FZO059,ThisFolderSubFoldersAndFiles,UsualConvertedRight,2,VOLDATAH,5a685d0e2525b99975921c86
475,/HOME/EBUX,"Read,ReadAndExecute,Synchronize,Write,Delete,CreateFiles,CreateDirectories,Modify,ListDirectory",IDF615,ThisFolderSubFoldersAndFiles,UsualConvertedRight,2,VOLDATAH,5a685d0e2525b99975921c88
476,/HOME/LSCOM01,"Read,ReadAndExecute,Synchronize,Write,Delete,CreateFiles,CreateDirectories,Modify,ListDirectory",LSCOM01,ThisFolderSubFoldersAndFiles,UsualConvertedRight,2,VOLDATAH,5a685d0e2525b99975921c8a
477,/HOME/AMCI,"Read,ReadAndExecute,Synchronize,Write,Delete,CreateFiles,CreateDirectories,Modify,ListDirectory",CSE339,ThisFolderSubFoldersAndFiles,UsualConvertedRight,2,VOLDATAH,5a685d0e2525b99975921c8c
478,/HOME/STTITRE1,"Read,ReadAndExecute,Synchronize,Write,Delete,CreateFiles,CreateDirectories,Modify,ListDirectory",STTITRE1,ThisFolderSubFoldersAndFiles,UsualConvertedRight,2,VOLDATAH,5a685d0e2525b99975921c8e
479,/HOME/CPOZ,"Read,ReadAndExecute,Synchronize,Write,Delete,CreateFiles,CreateDirectories,Modify,ListDirectory",CPOZ,ThisFolderSubFoldersAndFiles,UsualConvertedRight,2,VOLDATAH,5a685d0e2525b99975921c90
480,/HOME/BLX,"Read,ReadAndExecute,Synchronize,Write,Delete,CreateFiles,CreateDirectories,Modify,ListDirectory",BLX,ThisFolderSubFoldersAndFiles,UsualConvertedRight,2,VOLDATAH,5a685d0e2525b99975921c92
481,/HOME/DCSL,"Read,ReadAndExecute,Synchronize,Write,Delete,CreateFiles,CreateDirectories,Modify,ListDirectory",MLE667,ThisFolderSubFoldersAndFiles,UsualConvertedRight,2,VOLDATAH,5a685d0e2525b99975921c94
482,/HOME/SLOX,"Read,ReadAndExecute,Synchronize,Write,Delete,CreateFiles,CreateDirectories,Modify,ListDirectory",SLOX,ThisFolderSubFoldersAndFiles,UsualConvertedRight,2,VOLDATAH,5a685d0e2525b99975921c96
483,/HOME/PAOR,"Read,ReadAndExecute,Synchronize,Write,Delete,CreateFiles,CreateDirectories,Modify,ListDirectory",NSD721,ThisFolderSubFoldersAndFiles,UsualConvertedRight,2,VOLDATAH,5a685d0e2525b99975921c98
484,/HOME/PLMX,"Read,ReadAndExecute,Synchronize,Write,Delete,CreateFiles,CreateDirectories,Modify,ListDirectory",AZD837,ThisFolderSubFoldersAndFiles,UsualConvertedRight,2,VOLDATAH,5a685d0e2525b99975921c9a
485,/HOME/MHSN,"Read,ReadAndExecute,Synchronize,Write,Delete,CreateFiles,CreateDirectories,Modify,ListDirectory",FYO972,ThisFolderSubFoldersAndFiles,UsualConvertedRight,2,VOLDATAH,5a685d0e2525b99975921c9c
486,/HOME/MDEN,"Read,ReadAndExecute,Synchronize,Write,Delete,CreateFiles,CreateDirectories,Modify,ListDirectory",QLD930,ThisFolderSubFoldersAndFiles,UsualConvertedRight,2,VOLDATAH,5a685d0e2525b99975921c9e
487,/HOME/KRMI,"Read,ReadAndExecute,Synchronize,Write,Delete,CreateFiles,CreateDirectories,Modify,ListDirectory",WEX632,ThisFolderSubFoldersAndFiles,UsualConvertedRight,2,VOLDATAH,5a685d0e2525b99975921ca0
488,/HOME/FTIT,"Read,ReadAndExecute,Synchronize,Write,Delete,CreateFiles,CreateDirectories,Modify,ListDirectory",CXB051,ThisFolderSubFoldersAndFiles,UsualConvertedRight,2,VOLDATAH,5a685d0e2525b99975921ca2
489,/HOME/MSIN,"Read,ReadAndExecute,Synchronize,Write,Delete,CreateFiles,CreateDirectories,Modify,ListDirectory",MSIN,ThisFolderSubFoldersAndFiles,UsualConvertedRight,2,VOLDATAH,5a685d0e2525b99975921ca4
490,/HOME/MAAD,"Read,ReadAndExecute,Synchronize,Write,Delete,CreateFiles,CreateDirectories,Modify,ListDirectory",MAAD,ThisFolderSubFoldersAndFiles,UsualConvertedRight,2,VOLDATAH,5a685d0e2525b99975921ca6
491,/HOME/PILOTES,"Read,ReadAndExecute,Synchronize,Write,Delete,CreateFiles,CreateDirectories,Modify,ListDirectory",PILOTES,ThisFolderSubFoldersAndFiles,UsualConvertedRight,2,VOLDATAH,5a685d0e2525b99975921ca8
492,/HOME/STBMR11,"Read,ReadAndExecute,Synchronize,Write,Delete,CreateFiles,CreateDirectories,Modify,ListDirectory",ABP365,ThisFolderSubFoldersAndFiles,UsualConvertedRight,2,VOLDATAH,5a685d0e2525b99975921caa
493,/HOME/ASNO,"Read,ReadAndExecute,Synchronize,Write,Delete,CreateFiles,CreateDirectories,Modify,ListDirectory",DJP619,ThisFolderSubFoldersAndFiles,UsualConvertedRight,2,VOLDATAH,5a685d0e2525b99975921cac
494,/HOME/STDMAT03,"Read,ReadAndExecute,Synchronize,Write,Delete,CreateFiles,CreateDirectories,Modify,ListDirectory",STDMAT03,ThisFolderSubFoldersAndFiles,UsualConvertedRight,2,VOLDATAH,5a685d0e2525b99975921cae
495,/HOME/SFSD2,"Read,ReadAndExecute,Synchronize,Write,Delete,CreateFiles,CreateDirectories,Modify,ListDirectory",KMP585,ThisFolderSubFoldersAndFiles,UsualConvertedRight,2,VOLDATAH,5a685d0e2525b99975921cb0
496,/HOME/NCUI,"Read,ReadAndExecute,Synchronize,Write,Delete,CreateFiles,CreateDirectories,Modify,ListDirectory",HVS421,ThisFolderSubFoldersAndFiles,UsualConvertedRight,2,VOLDATAH,5a685d0e2525b99975921cb2
497,/HOME/STTITRE2,"Read,ReadAndExecute,Synchronize,Write,Delete,CreateFiles,CreateDirectories,Modify,ListDirectory",PSN003,ThisFolderSubFoldersAndFiles,UsualConvertedRight,2,VOLDATAH,5a685d0e2525b99975921cb4
498,/HOME/CDNY,"Read,ReadAndExecute,Synchronize,Write,Delete,CreateFiles,CreateDirectories,Modify,ListDirectory",VGC572,ThisFolderSubFoldersAndFiles,UsualConvertedRight,2,VOLDATAH,5a685d0e2525b99975921cb6
499,/HOME/FHLE,"Read,ReadAndExecute,Synchronize,Write,Delete,CreateFiles,CreateDirectories,Modify,ListDirectory",FMB335,ThisFolderSubFoldersAndFiles,UsualConvertedRight,2,VOLDATAH,5a685d0e2525b99975921cb8
500,/HOME/STDMAT04,"Read,ReadAndExecute,Synchronize,Write,Delete,CreateFiles,CreateDirectories,Modify,ListDirectory",STDMAT04,ThisFolderSubFoldersAndFiles,UsualConvertedRight,2,VOLDATAH,5a685d0e2525b99975921cba
501,/HOME/LSCPTA06,"Read,ReadAndExecute,Synchronize,Write,Delete,CreateFiles,CreateDirectories,Modify,ListDirectory",LSCPTA06,ThisFolderSubFoldersAndFiles,UsualConvertedRight,2,VOLDATAH,5a685d0e2525b99975921cbc
502,/HOME/LFHT,"Read,ReadAndExecute,Synchronize,Write,Delete,CreateFiles,CreateDirectories,Modify,ListDirectory",KUG533,ThisFolderSubFoldersAndFiles,UsualConvertedRight,2,VOLDATAH,5a685d0e2525b99975921cbe
503,/HOME/TMRE,"Read,ReadAndExecute,Synchronize,Write,Delete,CreateFiles,CreateDirectories,Modify,ListDirectory",TMRE,ThisFolderSubFoldersAndFiles,UsualConvertedRight,2,VOLDATAH,5a685d0e2525b99975921cc0
504,/HOME/SECUVAUC,"Read,ReadAndExecute,Synchronize,Write,Delete,CreateFiles,CreateDirectories,Modify,ListDirectory",AIT478,ThisFolderSubFoldersAndFiles,UsualConvertedRight,2,VOLDATAH,5a685d0e2525b99975921cc2
505,/HOME/PFBI,"Read,ReadAndExecute,Synchronize,Write,Delete,CreateFiles,CreateDirectories,Modify,ListDirectory",PFBI,ThisFolderSubFoldersAndFiles,UsualConvertedRight,2,VOLDATAH,5a685d0e2525b99975921cc4
506,/HOME/SECTITRE,"Read,ReadAndExecute,Synchronize,Write,Delete,CreateFiles,CreateDirectories,Modify,ListDirectory",CDK015,ThisFolderSubFoldersAndFiles,UsualConvertedRight,2,VOLDATAH,5a685d0e2525b99975921cc6
507,/HOME/NLRE,"Read,ReadAndExecute,Synchronize,Write,Delete,CreateFiles,CreateDirectories,Modify,ListDirectory",CNH121,ThisFolderSubFoldersAndFiles,UsualConvertedRight,2,VOLDATAH,5a685d0e2525b99975921cc8
508,/HOME/ADCL,"Read,ReadAndExecute,Synchronize,Write,Delete,CreateFiles,CreateDirectories,Modify,ListDirectory",ADCL,ThisFolderSubFoldersAndFiles,UsualConvertedRight,2,VOLDATAH,5a685d0e2525b99975921cca
509,/HOME/LSBLUE01,"Read,ReadAndExecute,Synchronize,Write,Delete,CreateFiles,CreateDirectories,Modify,ListDirectory",DJC848,ThisFolderSubFoldersAndFiles,UsualConvertedRight,2,VOLDATAH,5a685d0e2525b99975921ccc
510,/HOME/GJUE,"Read,ReadAndExecute,Synchronize,Write,Delete,CreateFiles,CreateDirectories,Modify,ListDirectory",GJUE,ThisFolderSubFoldersAndFiles,UsualConvertedRight,2,VOLDATAH,5a685d0e2525b99975921cce
511,/HOME/AMVL,"Read,ReadAndExecute,Synchronize,Write,Delete,CreateFiles,CreateDirectories,Modify,ListDirectory",AMVL,ThisFolderSubFoldersAndFiles,UsualConvertedRight,2,VOLDATAH,5a685d0e2525b99975921cd0
512,/HOME/FBGE,"Read,ReadAndExecute,Synchronize,Write,Delete,CreateFiles,CreateDirectories,Modify,ListDirectory",VVN828,ThisFolderSubFoldersAndFiles,UsualConvertedRight,2,VOLDATAH,5a685d0e2525b99975921cd2
513,/HOME/CLBE,"Read,ReadAndExecute,Synchronize,Write,Delete,CreateFiles,CreateDirectories,Modify,ListDirectory",CLBE,ThisFolderSubFoldersAndFiles,UsualConvertedRight,2,VOLDATAH,5a685d0e2525b99975921cd4
514,/HOME/PMZI,"Read,ReadAndExecute,Synchronize,Write,Delete,CreateFiles,CreateDirectories,Modify,ListDirectory",ARM077,ThisFolderSubFoldersAndFiles,UsualConvertedRight,2,VOLDATAH,5a685d0e2525b99975921cd6
515,/HOME/PCSURETE,"Read,ReadAndExecute,Synchronize,Write,Delete,CreateFiles,CreateDirectories,Modify,ListDirectory",KJI163,ThisFolderSubFoldersAndFiles,UsualConvertedRight,2,VOLDATAH,5a685d0e2525b99975921cd8
516,/HOME/SGUT,"Read,ReadAndExecute,Synchronize,Write,Delete,CreateFiles,CreateDirectories,Modify,ListDirectory",ZDS452,ThisFolderSubFoldersAndFiles,UsualConvertedRight,2,VOLDATAH,5a685d0e2525b99975921cda
517,/HOME/LSCPTBM1,"Read,ReadAndExecute,Synchronize,Write,Delete,CreateFiles,CreateDirectories,Modify,ListDirectory",CAY185,ThisFolderSubFoldersAndFiles,UsualConvertedRight,2,VOLDATAH,5a685d0e2525b99975921cdc
518,/HOME/INCENDIE,"Read,ReadAndExecute,Synchronize,Write,Delete,CreateFiles,CreateDirectories,Modify,ListDirectory",MWF941,ThisFolderSubFoldersAndFiles,UsualConvertedRight,2,VOLDATAH,5a685d0e2525b99975921cde
519,/HOME/AMDT,"Read,ReadAndExecute,Synchronize,Write,Delete,CreateFiles,CreateDirectories,Modify,ListDirectory",AMDT,ThisFolderSubFoldersAndFiles,UsualConvertedRight,2,VOLDATAH,5a685d0e2525b99975921ce0
520,/HOME/JFRU,"Read,ReadAndExecute,Synchronize,Write,Delete,CreateFiles,CreateDirectories,Modify,ListDirectory,ReadPermissions,ChangePermissions",BFE559,ThisFolderSubFoldersAndFiles,UsualConvertedRight,2,VOLDATAH,5a685d0e2525b99975921ce2
521,/HOME/STAGEPI,"Read,ReadAndExecute,Synchronize,Write,Delete,CreateFiles,CreateDirectories,Modify,ListDirectory",JGM489,ThisFolderSubFoldersAndFiles,UsualConvertedRight,2,VOLDATAH,5a685d0e2525b99975921ce4
522,/HOME/LSTECDSI2,"Read,ReadAndExecute,Synchronize,Write,Delete,CreateFiles,CreateDirectories,Modify,ListDirectory",KFE511,ThisFolderSubFoldersAndFiles,UsualConvertedRight,2,VOLDATAH,5a685d0e2525b99975921ce6
523,/HOME/FBZR,"Read,ReadAndExecute,Synchronize,Write,Delete,CreateFiles,CreateDirectories,Modify,ListDirectory",FEQ608,ThisFolderSubFoldersAndFiles,UsualConvertedRight,2,VOLDATAH,5a685d0e2525b99975921ce8
524,/HOME/STDMAT06,"Read,ReadAndExecute,Synchronize,Write,Delete,CreateFiles,CreateDirectories,Modify,ListDirectory",STDMAT06,ThisFolderSubFoldersAndFiles,UsualConvertedRight,2,VOLDATAH,5a685d0e2525b99975921cea
525,/HOME/TLOE,"Read,ReadAndExecute,Synchronize,Write,Delete,CreateFiles,CreateDirectories,Modify,ListDirectory,ReadPermissions,ChangePermissions",TLOE,ThisFolderSubFoldersAndFiles,UsualConvertedRight,2,VOLDATAH,5a685d0e2525b99975921cec
526,/HOME/JMSI,"Read,ReadAndExecute,Synchronize,Write,Delete,CreateFiles,CreateDirectories,Modify,ListDirectory",DTP493,ThisFolderSubFoldersAndFiles,UsualConvertedRight,2,VOLDATAH,5a685d0e2525b99975921cee
527,/HOME/PLAL,"Read,ReadAndExecute,Synchronize,Write,Delete,CreateFiles,CreateDirectories,Modify,ListDirectory,ReadPermissions,ChangePermissions",LDX973,ThisFolderSubFoldersAndFiles,UsualConvertedRight,2,VOLDATAH,5a685d0e2525b99975921cf0
528,/HOME/DIRGEN,"Read,ReadAndExecute,Synchronize,Write,Delete,CreateFiles,CreateDirectories,Modify,ListDirectory",QVL384,ThisFolderSubFoldersAndFiles,UsualConvertedRight,2,VOLDATAH,5a685d0e2525b99975921cf2
529,/HOME/JMRS,"Read,ReadAndExecute,Synchronize,Write,Delete,CreateFiles,CreateDirectories,Modify,ListDirectory",WSF377,ThisFolderSubFoldersAndFiles,UsualConvertedRight,2,VOLDATAH,5a685d0e2525b99975921cf4
530,/HOME/LS3DSI,"Read,ReadAndExecute,Synchronize,Write,Delete,CreateFiles,CreateDirectories,Modify,ListDirectory",OAP308,ThisFolderSubFoldersAndFiles,UsualConvertedRight,2,VOLDATAH,5a685d0e2525b99975921cf6
531,/HOME/BAUN,"Read,ReadAndExecute,Synchronize,Write,Delete,CreateFiles,CreateDirectories,Modify,ListDirectory",BAUN,ThisFolderSubFoldersAndFiles,UsualConvertedRight,2,VOLDATAH,5a685d0e2525b99975921cf8
532,/HOME/MCRY_OL,"Read,ReadAndExecute,Synchronize,Write,Delete,CreateFiles,CreateDirectories,Modify,ListDirectory",MCRY,ThisFolderSubFoldersAndFiles,UsualConvertedRight,2,VOLDATAH,5a685d0e2525b99975921cfa
533,/HOME/MCRY,"Read,ReadAndExecute,Synchronize,Write,Delete,CreateFiles,CreateDirectories,Modify,ListDirectory",MCRY,ThisFolderSubFoldersAndFiles,UsualConvertedRight,2,VOLDATAH,5a685d0e2525b99975921cfc
534,/HOME/LSBLUE02,"Read,ReadAndExecute,Synchronize,Write,Delete,CreateFiles,CreateDirectories,Modify,ListDirectory",IRD469,ThisFolderSubFoldersAndFiles,UsualConvertedRight,2,VOLDATAH,5a685d0e2525b99975921cfe
535,/HOME/STSECGE1,"Read,ReadAndExecute,Synchronize,Write,Delete,CreateFiles,CreateDirectories,Modify,ListDirectory,ReadPermissions,ChangePermissions",STSECGE1,ThisFolderSubFoldersAndFiles,UsualConvertedRight,2,VOLDATAH,5a685d0e2525b99975921d00
536,/HOME/LBTN,"Read,ReadAndExecute,Synchronize,Write,Delete,CreateFiles,CreateDirectories,Modify,ListDirectory",LLB297,ThisFolderSubFoldersAndFiles,UsualConvertedRight,2,VOLDATAH,5a685d0e2525b99975921d02
537,/HOME/CSHD,"Read,ReadAndExecute,Synchronize,Write,Delete,CreateFiles,CreateDirectories,Modify,ListDirectory",RVQ201,ThisFolderSubFoldersAndFiles,UsualConvertedRight,2,VOLDATAH,5a685d0e2525b99975921d04
538,/HOME/CVNT,"Read,ReadAndExecute,Synchronize,Write,Delete,CreateFiles,CreateDirectories,Modify,ListDirectory",TUQ397,ThisFolderSubFoldersAndFiles,UsualConvertedRight,2,VOLDATAH,5a685d0e2525b99975921d06
539,/HOME/VAAS,"Read,ReadAndExecute,Synchronize,Write,Delete,CreateFiles,CreateDirectories,Modify,ListDirectory",VAAS,ThisFolderSubFoldersAndFiles,UsualConvertedRight,2,VOLDATAH,5a685d0e2525b99975921d08
540,/HOME/ICUN,"Read,ReadAndExecute,Synchronize,Write,Delete,CreateFiles,CreateDirectories,Modify,ListDirectory",AYT425,ThisFolderSubFoldersAndFiles,UsualConvertedRight,2,VOLDATAH,5a685d0e2525b99975921d0a
541,/HOME/MCBT,"Read,ReadAndExecute,Synchronize,Write,Delete,CreateFiles,CreateDirectories,Modify,ListDirectory",MCBT,ThisFolderSubFoldersAndFiles,UsualConvertedRight,2,VOLDATAH,5a685d0e2525b99975921d0c
542,/HOME/FVEE,"Read,ReadAndExecute,Synchronize,Write,Delete,CreateFiles,CreateDirectories,Modify,ListDirectory",FVEE,ThisFolderSubFoldersAndFiles,UsualConvertedRight,2,VOLDATAH,5a685d0e2525b99975921d0e
543,/HOME/VHFR,"Read,ReadAndExecute,Synchronize,Write,Delete,CreateFiles,CreateDirectories,Modify,ListDirectory,ReadPermissions,ChangePermissions",MIS842,ThisFolderSubFoldersAndFiles,UsualConvertedRight,2,VOLDATAH,5a685d0e2525b99975921d10
544,/HOME/BOLLPRE,"Read,ReadAndExecute,Synchronize,Write,Delete,CreateFiles,CreateDirectories,Modify,ListDirectory",XQC432,ThisFolderSubFoldersAndFiles,UsualConvertedRight,2,VOLDATAH,5a685d0e2525b99975921d12
545,/HOME/STDMAT07,"Read,ReadAndExecute,Synchronize,Write,Delete,CreateFiles,CreateDirectories,Modify,ListDirectory",IEU234,ThisFolderSubFoldersAndFiles,UsualConvertedRight,2,VOLDATAH,5a685d0e2525b99975921d14
546,/HOME/STDMAT08,"Read,ReadAndExecute,Synchronize,Write,Delete,CreateFiles,CreateDirectories,Modify,ListDirectory",EII422,ThisFolderSubFoldersAndFiles,UsualConvertedRight,2,VOLDATAH,5a685d0e2525b99975921d16
547,/HOME/JAUN,"Read,ReadAndExecute,Synchronize,Write,Delete,CreateFiles,CreateDirectories,Modify,ListDirectory",JAUN,ThisFolderSubFoldersAndFiles,UsualConvertedRight,2,VOLDATAH,5a685d0e2525b99975921d18
548,/HOME/AGNA,"Read,ReadAndExecute,Synchronize,Write,Delete,CreateFiles,CreateDirectories,Modify,ListDirectory",AGNA,ThisFolderSubFoldersAndFiles,UsualConvertedRight,2,VOLDATAH,5a685d0e2525b99975921d1a
549,/HOME/LSJURI02,"Read,ReadAndExecute,Synchronize,Write,Delete,CreateFiles,CreateDirectories,Modify,ListDirectory",JOP595,ThisFolderSubFoldersAndFiles,UsualConvertedRight,2,VOLDATAH,5a685d0e2525b99975921d1c
550,/HOME/RVIE,"Read,ReadAndExecute,Synchronize,Write,Delete,CreateFiles,CreateDirectories,Modify,ListDirectory",SXB523,ThisFolderSubFoldersAndFiles,UsualConvertedRight,2,VOLDATAH,5a685d0e2525b99975921d1e
551,/HOME/ACTE,"Read,ReadAndExecute,Synchronize,Write,Delete,CreateFiles,CreateDirectories,Modify,ListDirectory",PST267,ThisFolderSubFoldersAndFiles,UsualConvertedRight,2,VOLDATAH,5a685d0e2525b99975921d20
552,/HOME/SRSA,"Read,ReadAndExecute,Synchronize,Write,Delete,CreateFiles,CreateDirectories,Modify,ListDirectory",SRSA,ThisFolderSubFoldersAndFiles,UsualConvertedRight,2,VOLDATAH,5a685d0e2525b99975921d22
553,/HOME/ABSN,"Read,ReadAndExecute,Synchronize,Write,Delete,CreateFiles,CreateDirectories,Modify,ListDirectory",QSG295,ThisFolderSubFoldersAndFiles,UsualConvertedRight,2,VOLDATAH,5a685d0e2525b99975921d24
554,/HOME/MTSU,"Read,ReadAndExecute,Synchronize,Write,Delete,CreateFiles,CreateDirectories,Modify,ListDirectory",KYZ844,ThisFolderSubFoldersAndFiles,UsualConvertedRight,2,VOLDATAH,5a685d0e2525b99975921d26
555,/HOME/FGLU,"Read,ReadAndExecute,Synchronize,Write,Delete,CreateFiles,CreateDirectories,Modify,ListDirectory",ZPA590,ThisFolderSubFoldersAndFiles,UsualConvertedRight,2,VOLDATAH,5a685d0e2525b99975921d28
556,/HOME/MKIK,"Read,ReadAndExecute,Synchronize,Write,Delete,CreateFiles,CreateDirectories,Modify,ListDirectory",IDE077,ThisFolderSubFoldersAndFiles,UsualConvertedRight,2,VOLDATAH,5a685d0e2525b99975921d2a
557,/HOME/JDEM,"Read,ReadAndExecute,Synchronize,Write,Delete,CreateFiles,CreateDirectories,Modify,ListDirectory",FRT596,ThisFolderSubFoldersAndFiles,UsualConvertedRight,2,VOLDATAH,5a685d0e2525b99975921d2c
558,/HOME/NRNL,"Read,ReadAndExecute,Synchronize,Write,Delete,CreateFiles,CreateDirectories,ListDirectory",NRNL,ThisFolderSubFoldersAndFiles,UsualConvertedRight,2,VOLDATAH,5a685d0e2525b99975921d2e
559,/HOME/AWNK,"Read,ReadAndExecute,Synchronize,Write,Delete,CreateFiles,CreateDirectories,Modify,ListDirectory",AWNK,ThisFolderSubFoldersAndFiles,UsualConvertedRight,2,VOLDATAH,5a685d0e2525b99975921d30
560,/HOME/JLST,"Read,ReadAndExecute,Synchronize,Write,Delete,CreateFiles,CreateDirectories,Modify,ListDirectory",JLST,ThisFolderSubFoldersAndFiles,UsualConvertedRight,2,VOLDATAH,5a685d0e2525b99975921d32
561,/HOME/LSDRHG1,"Read,ReadAndExecute,Synchronize,Write,Delete,CreateFiles,CreateDirectories,Modify,ListDirectory",LSDRHG1,ThisFolderSubFoldersAndFiles,UsualConvertedRight,2,VOLDATAH,5a685d0e2525b99975921d34
562,/HOME/SNAA,"Read,ReadAndExecute,Synchronize,Write,Delete,CreateFiles,CreateDirectories,Modify,ListDirectory",SNAA,ThisFolderSubFoldersAndFiles,UsualConvertedRight,2,VOLDATAH,5a685d0e2525b99975921d36
563,/HOME/ARST,"Read,ReadAndExecute,Synchronize,Write,Delete,CreateFiles,CreateDirectories,Modify,ListDirectory",ARST,ThisFolderSubFoldersAndFiles,UsualConvertedRight,2,VOLDATAH,5a685d0e2525b99975921d38
564,/HOME/AAAD,"Read,ReadAndExecute,Synchronize,Write,Delete,CreateFiles,CreateDirectories,Modify,ListDirectory",NHE306,ThisFolderSubFoldersAndFiles,UsualConvertedRight,2,VOLDATAH,5a685d0e2525b99975921d3a
565,/HOME/MPNI,"Read,ReadAndExecute,Synchronize,Write,Delete,CreateFiles,CreateDirectories,Modify,ListDirectory",MPNI,ThisFolderSubFoldersAndFiles,UsualConvertedRight,2,VOLDATAH,5a685d0e2525b99975921d3c
566,/HOME/DIOE,"Read,ReadAndExecute,Synchronize,Write,Delete,CreateFiles,CreateDirectories,Modify,ListDirectory",GYZ531,ThisFolderSubFoldersAndFiles,UsualConvertedRight,2,VOLDATAH,5a685d0e2525b99975921d3e
567,/HOME/PRGN,"Read,ReadAndExecute,Synchronize,Write,Delete,CreateFiles,CreateDirectories,Modify,ListDirectory",PRGN,ThisFolderSubFoldersAndFiles,UsualConvertedRight,2,VOLDATAH,5a685d0e2525b99975921d40
568,/HOME/DGCA,"Read,ReadAndExecute,Synchronize,Write,Delete,CreateFiles,CreateDirectories,Modify,ListDirectory",DGCA,ThisFolderSubFoldersAndFiles,UsualConvertedRight,2,VOLDATAH,5a685d0e2525b99975921d42
569,/HOME/CFRS,"Read,ReadAndExecute,Synchronize,Write,Delete,CreateFiles,CreateDirectories,Modify,ListDirectory",CFRS,ThisFolderSubFoldersAndFiles,UsualConvertedRight,2,VOLDATAH,5a685d0e2525b99975921d44
570,/HOME/FMDZ,"Read,ReadAndExecute,Synchronize,Write,Delete,CreateFiles,CreateDirectories,Modify,ListDirectory,ReadPermissions,ChangePermissions",ASG993,ThisFolderSubFoldersAndFiles,UsualConvertedRight,2,VOLDATAH,5a685d0e2525b99975921d46
571,/HOME/NCII,"Read,ReadAndExecute,Synchronize,Write,Delete,CreateFiles,CreateDirectories,Modify,ListDirectory,ReadPermissions,ChangePermissions",NCII,ThisFolderSubFoldersAndFiles,UsualConvertedRight,2,VOLDATAH,5a685d0e2525b99975921d48
572,/HOME/LSCOM02,"Read,ReadAndExecute,Synchronize,Write,Delete,CreateFiles,CreateDirectories,Modify,ListDirectory,ReadPermissions,ChangePermissions",LSCOM02,ThisFolderSubFoldersAndFiles,UsualConvertedRight,2,VOLDATAH,5a685d0e2525b99975921d4a
573,/HOME/ASSIB01,"Read,ReadAndExecute,Synchronize,Write,Delete,CreateFiles,CreateDirectories,Modify,ListDirectory,ReadPermissions,ChangePermissions",ASSIB01,ThisFolderSubFoldersAndFiles,UsualConvertedRight,2,VOLDATAH,5a685d0e2525b99975921d4c
574,/HOME/LSCPTBM2,"Read,ReadAndExecute,Synchronize,Write,Delete,CreateFiles,CreateDirectories,Modify,ListDirectory,ReadPermissions,ChangePermissions",YAJ641,ThisFolderSubFoldersAndFiles,UsualConvertedRight,2,VOLDATAH,5a685d0e2525b99975921d4e
575,/HOME/NRDS,"Read,ReadAndExecute,Synchronize,Write,Delete,CreateFiles,CreateDirectories,Modify,ListDirectory",NRDS,ThisFolderSubFoldersAndFiles,UsualConvertedRight,2,VOLDATAH,5a685d0e2525b99975921d50
576,/HOME/ASSIB02,"Read,ReadAndExecute,Synchronize,Write,Delete,CreateFiles,CreateDirectories,Modify,ListDirectory",ASSIB02,ThisFolderSubFoldersAndFiles,UsualConvertedRight,2,VOLDATAH,5a685d0e2525b99975921d52
577,/HOME/HOGN,"Read,ReadAndExecute,Synchronize,Write,Delete,CreateFiles,CreateDirectories,Modify,ListDirectory,ReadPermissions,ChangePermissions",admin,ThisFolderSubFoldersAndFiles,UsualConvertedRight,2,VOLDATAH,5a685d0e2525b99975921d54
578,/HOME/BNAT,"Read,ReadAndExecute,Synchronize,Write,Delete,CreateFiles,CreateDirectories,Modify,ListDirectory",GXC731,ThisFolderSubFoldersAndFiles,UsualConvertedRight,2,VOLDATAH,5a685d0e2525b99975921d56
579,/HOME/MRSN,"Read,ReadAndExecute,Synchronize,Write,Delete,CreateFiles,CreateDirectories,Modify,ListDirectory",MRSN,ThisFolderSubFoldersAndFiles,UsualConvertedRight,2,VOLDATAH,5a685d0e2525b99975921d58
580,/HOME/KSNN,"Read,ReadAndExecute,Synchronize,Write,Delete,CreateFiles,CreateDirectories,Modify,ListDirectory",OLD047,ThisFolderSubFoldersAndFiles,UsualConvertedRight,2,VOLDATAH,5a685d0e2525b99975921d5a
581,/HOME/AZGI,"Read,ReadAndExecute,Synchronize,Write,Delete,CreateFiles,CreateDirectories,Modify,ListDirectory",NLS345,ThisFolderSubFoldersAndFiles,UsualConvertedRight,2,VOLDATAH,5a685d0e2525b99975921d5c
582,/HOME/EDEE,"Read,ReadAndExecute,Synchronize,Write,Delete,CreateFiles,CreateDirectories,Modify,ListDirectory",EDEE,ThisFolderSubFoldersAndFiles,UsualConvertedRight,2,VOLDATAH,5a685d0e2525b99975921d5e
583,/HOME/ADVS,"Read,ReadAndExecute,Synchronize,Write,Delete,CreateFiles,CreateDirectories,Modify,ListDirectory",VHH773,ThisFolderSubFoldersAndFiles,UsualConvertedRight,2,VOLDATAH,5a685d0e2525b99975921d60
584,/HOME/EMRN,"Read,ReadAndExecute,Synchronize,Write,Delete,CreateFiles,CreateDirectories,Modify,ListDirectory",SSN052,ThisFolderSubFoldersAndFiles,UsualConvertedRight,2,VOLDATAH,5a685d0e2525b99975921d62
585,/HOME/STBMR09,"Read,ReadAndExecute,Synchronize,Write,Delete,CreateFiles,CreateDirectories,Modify,ListDirectory",MYB483,ThisFolderSubFoldersAndFiles,UsualConvertedRight,2,VOLDATAH,5a685d0e2525b99975921d64
586,/HOME/STBMR12,"Read,ReadAndExecute,Synchronize,Write,Delete,CreateFiles,CreateDirectories,Modify,ListDirectory",PYZ335,ThisFolderSubFoldersAndFiles,UsualConvertedRight,2,VOLDATAH,5a685d0e2525b99975921d66
587,/HOME/TBAN,"Read,ReadAndExecute,Synchronize,Write,Delete,CreateFiles,CreateDirectories,Modify,ListDirectory",TBAN,ThisFolderSubFoldersAndFiles,UsualConvertedRight,2,VOLDATAH,5a685d0e2525b99975921d68
588,/HOME/AENE,"Read,ReadAndExecute,Synchronize,Write,Delete,CreateFiles,CreateDirectories,Modify,ListDirectory,ReadPermissions,ChangePermissions",TCZ423,ThisFolderSubFoldersAndFiles,UsualConvertedRight,2,VOLDATAH,5a685d0e2525b99975921d6a
589,/HOME/JBTN,"Read,ReadAndExecute,Synchronize,Write,Delete,CreateFiles,CreateDirectories,Modify,ListDirectory,ReadPermissions,ChangePermissions",JBTN,ThisFolderSubFoldersAndFiles,UsualConvertedRight,2,VOLDATAH,5a685d0e2525b99975921d6c
590,/HOME/SDMR,"Read,ReadAndExecute,Synchronize,Write,Delete,CreateFiles,CreateDirectories,Modify,ListDirectory,ReadPermissions,ChangePermissions",WYJ240,ThisFolderSubFoldersAndFiles,UsualConvertedRight,2,VOLDATAH,5a685d0e2525b99975921d6e
591,/HOME/STBMR13,"Read,ReadAndExecute,Synchronize,Write,Delete,CreateFiles,CreateDirectories,Modify,ListDirectory,ReadPermissions,ChangePermissions",ECR412,ThisFolderSubFoldersAndFiles,UsualConvertedRight,2,VOLDATAH,5a685d0e2525b99975921d70
592,/HOME/LSRESDSI,"Read,ReadAndExecute,Synchronize,Write,Delete,CreateFiles,CreateDirectories,Modify,ListDirectory,ReadPermissions,ChangePermissions",LSRESDSI,ThisFolderSubFoldersAndFiles,UsualConvertedRight,2,VOLDATAH,5a685d0e2525b99975921d72
593,/HOME/MSTE,"Read,ReadAndExecute,Synchronize,Write,Delete,CreateFiles,CreateDirectories,Modify,ListDirectory,ReadPermissions,ChangePermissions",DOX152,ThisFolderSubFoldersAndFiles,UsualConvertedRight,2,VOLDATAH,5a685d0e2525b99975921d74
594,/HOME/CSAE,"Read,ReadAndExecute,Synchronize,Write,Delete,CreateFiles,CreateDirectories,Modify,ListDirectory,ReadPermissions,ChangePermissions",TXN289,ThisFolderSubFoldersAndFiles,UsualConvertedRight,2,VOLDATAH,5a685d0e2525b99975921d76
595,/HOME/MSRN,"Read,ReadAndExecute,Synchronize,Write,Delete,CreateFiles,CreateDirectories,Modify,ListDirectory",MSRN,ThisFolderSubFoldersAndFiles,UsualConvertedRight,2,VOLDATAH,5a685d0e2525b99975921d78
596,/HOME/CDTE,"Read,ReadAndExecute,Synchronize,Write,Delete,CreateFiles,CreateDirectories,Modify,ListDirectory,ReadPermissions,ChangePermissions",OEG954,ThisFolderSubFoldersAndFiles,UsualConvertedRight,2,VOLDATAH,5a685d0e2525b99975921d7a
597,/HOME/LTTX,"Read,ReadAndExecute,Synchronize,Write,Delete,CreateFiles,CreateDirectories,Modify,ListDirectory,ReadPermissions,ChangePermissions",VBL718,ThisFolderSubFoldersAndFiles,UsualConvertedRight,2,VOLDATAH,5a685d0e2525b99975921d7c
598,/HOME/XLRY,"Read,ReadAndExecute,Synchronize,Write,Delete,CreateFiles,CreateDirectories,Modify,ListDirectory,ReadPermissions,ChangePermissions",EQS736,ThisFolderSubFoldersAndFiles,UsualConvertedRight,2,VOLDATAH,5a685d0e2525b99975921d7e
599,/HOME/AOOI,"Read,ReadAndExecute,Synchronize,Write,Delete,CreateFiles,CreateDirectories,Modify,ListDirectory",AOOI,ThisFolderSubFoldersAndFiles,UsualConvertedRight,2,VOLDATAH,5a685d0e2525b99975921d80
600,/HOME/JDAR,"Read,ReadAndExecute,Synchronize,Write,Delete,CreateFiles,CreateDirectories,Modify,ListDirectory,ReadPermissions,ChangePermissions",JDAR,ThisFolderSubFoldersAndFiles,UsualConvertedRight,2,VOLDATAH,5a685d0e2525b99975921d82
601,/HOME/GLRX,"Read,ReadAndExecute,Synchronize,Write,Delete,CreateFiles,CreateDirectories,Modify,ListDirectory,ReadPermissions,ChangePermissions",GLRX,ThisFolderSubFoldersAndFiles,UsualConvertedRight,2,VOLDATAH,5a685d0e2525b99975921d84
602,/HOME/CBCI,"Read,ReadAndExecute,Synchronize,Write,Delete,CreateFiles,CreateDirectories,Modify,ListDirectory,ReadPermissions,ChangePermissions",DMP301,ThisFolderSubFoldersAndFiles,UsualConvertedRight,2,VOLDATAH,5a685d0e2525b99975921d86
603,/HOME/APPLE3,"Read,ReadAndExecute,Synchronize,Write,Delete,CreateFiles,CreateDirectories,Modify,ListDirectory,ReadPermissions,ChangePermissions",BIH549,ThisFolderSubFoldersAndFiles,UsualConvertedRight,2,VOLDATAH,5a685d0e2525b99975921d88
604,/HOME/STMAT02,"Read,ReadAndExecute,Synchronize,Write,Delete,CreateFiles,CreateDirectories,Modify,ListDirectory,ReadPermissions,ChangePermissions",ZWW731,ThisFolderSubFoldersAndFiles,UsualConvertedRight,2,VOLDATAH,5a685d0e2525b99975921d8a
605,/HOME/ALPZ,"Read,ReadAndExecute,Synchronize,Write,Delete,CreateFiles,CreateDirectories,Modify,ListDirectory,ReadPermissions,ChangePermissions",GPJ976,ThisFolderSubFoldersAndFiles,UsualConvertedRight,2,VOLDATAH,5a685d0e2525b99975921d8c
606,/HOME/ACCT   ,"Read,ReadAndExecute,Synchronize,Write,Delete,CreateFiles,CreateDirectories,Modify,ListDirectory,ReadPermissions,ChangePermissions",RHP286,ThisFolderSubFoldersAndFiles,UsualConvertedRight,2,VOLDATAH,5a685d0e2525b99975921d8e
607,/HOME/JLED,"Read,ReadAndExecute,Synchronize,Write,Delete,CreateFiles,CreateDirectories,Modify,ListDirectory,ReadPermissions,ChangePermissions",PYS578,ThisFolderSubFoldersAndFiles,UsualConvertedRight,2,VOLDATAH,5a685d0e2525b99975921d90
608,/HOME/LREI,"Read,ReadAndExecute,Synchronize,Write,Delete,CreateFiles,CreateDirectories,Modify,ListDirectory",AHG951,ThisFolderSubFoldersAndFiles,UsualConvertedRight,2,VOLDATAH,5a685d0e2525b99975921d92
609,/HOME/ACCT,"Read,ReadAndExecute,Synchronize,Write,Delete,CreateFiles,CreateDirectories,Modify,ListDirectory",RHP286,ThisFolderSubFoldersAndFiles,UsualConvertedRight,2,VOLDATAH,5a685d0e2525b99975921d94
610,/HOME/ASSIB03,"Read,ReadAndExecute,Synchronize,Write,Delete,CreateFiles,CreateDirectories,Modify,ListDirectory",KBL345,ThisFolderSubFoldersAndFiles,UsualConvertedRight,2,VOLDATAH,5a685d0e2525b99975921d96
611,/HOME/JCEG,"Read,ReadAndExecute,Synchronize,Write,Delete,CreateFiles,CreateDirectories,Modify,ListDirectory,ReadPermissions,ChangePermissions",ARS762,ThisFolderSubFoldersAndFiles,UsualConvertedRight,2,VOLDATAH,5a685d0e2525b99975921d98
612,/HOME/SMSN,"Read,ReadAndExecute,Synchronize,Write,Delete,CreateFiles,CreateDirectories,Modify,ListDirectory",ZCE167,ThisFolderSubFoldersAndFiles,UsualConvertedRight,2,VOLDATAH,5a685d0e2525b99975921d9a
613,/HOME/NRIS,"Read,ReadAndExecute,Synchronize,Write,Delete,CreateFiles,CreateDirectories,Modify,ListDirectory",XYZ617,ThisFolderSubFoldersAndFiles,UsualConvertedRight,2,VOLDATAH,5a685d0e2525b99975921d9c
614,/HOME/STRSE01,"Read,ReadAndExecute,Synchronize,Write,Delete,CreateFiles,CreateDirectories,Modify,ListDirectory",STRSE01,ThisFolderSubFoldersAndFiles,UsualConvertedRight,2,VOLDATAH,5a685d0e2525b99975921d9e
615,/HOME/CHIS,"Read,ReadAndExecute,Synchronize,Write,Delete,CreateFiles,CreateDirectories,Modify,ListDirectory,ReadPermissions,ChangePermissions",QOL447,ThisFolderSubFoldersAndFiles,UsualConvertedRight,2,VOLDATAH,5a685d0e2525b99975921da0
616,/HOME/CVRE,"Read,ReadAndExecute,Synchronize,Write,Delete,CreateFiles,CreateDirectories,Modify,ListDirectory,ReadPermissions,ChangePermissions",CVRE,ThisFolderSubFoldersAndFiles,UsualConvertedRight,2,VOLDATAH,5a685d0e2525b99975921da2
617,/HOME/ScePhoto,"Read,ReadAndExecute,Synchronize,Write,Delete,CreateFiles,CreateDirectories,Modify,ListDirectory,ReadPermissions,ChangePermissions",OHJ172,ThisFolderSubFoldersAndFiles,UsualConvertedRight,2,VOLDATAH,5a685d0e2525b99975921da4
618,/HOME/VVLE,"Read,ReadAndExecute,Synchronize,Write,Delete,CreateFiles,CreateDirectories,Modify,ListDirectory,ReadPermissions,ChangePermissions",LMW168,ThisFolderSubFoldersAndFiles,UsualConvertedRight,2,VOLDATAH,5a685d0e2525b99975921da6
619,/HOME/LRSI,"Read,ReadAndExecute,Synchronize,Write,Delete,CreateFiles,CreateDirectories,Modify,ListDirectory,ReadPermissions,ChangePermissions",LRSI,ThisFolderSubFoldersAndFiles,UsualConvertedRight,2,VOLDATAH,5a685d0e2525b99975921da8
620,/HOME/LRSI,"Read,ReadAndExecute,Synchronize,Write,Delete,CreateFiles,CreateDirectories,Modify,ListDirectory",DRHGRP-ASSUAXASFDM,ThisFolderSubFoldersAndFiles,UsualConvertedRight,2,VOLDATAH,5a685d0e2525b99975921daa
621,/HOME/CHVD,"Read,ReadAndExecute,Synchronize,Write,Delete,CreateFiles,CreateDirectories,Modify,ListDirectory,ReadPermissions,ChangePermissions",CHVD,ThisFolderSubFoldersAndFiles,UsualConvertedRight,2,VOLDATAH,5a685d0e2525b99975921dac
622,/HOME/CHAUDIR3,"Read,ReadAndExecute,Synchronize,Write,Delete,CreateFiles,CreateDirectories,Modify,ListDirectory,ReadPermissions,ChangePermissions",JMG190,ThisFolderSubFoldersAndFiles,UsualConvertedRight,2,VOLDATAH,5a685d0e2525b99975921dae
623,/HOME/LLRE,"Read,ReadAndExecute,Synchronize,Write,Delete,CreateFiles,CreateDirectories,Modify,ListDirectory,ReadPermissions,ChangePermissions",AAG997,ThisFolderSubFoldersAndFiles,UsualConvertedRight,2,VOLDATAH,5a685d0e2525b99975921db0
624,/HOME/LLAE,"Read,ReadAndExecute,Synchronize,Write,Delete,CreateFiles,CreateDirectories,Modify,ListDirectory,ReadPermissions,ChangePermissions",VKZ199,ThisFolderSubFoldersAndFiles,UsualConvertedRight,2,VOLDATAH,5a685d0e2525b99975921db2
625,/HOME/LSNT,"Read,ReadAndExecute,Synchronize,Write,Delete,CreateFiles,CreateDirectories,Modify,ListDirectory,ReadPermissions,ChangePermissions",LSNT,ThisFolderSubFoldersAndFiles,UsualConvertedRight,2,VOLDATAH,5a685d0e2525b99975921db4
626,/HOME/JGAT,"Read,ReadAndExecute,Synchronize,Write,Delete,CreateFiles,CreateDirectories,Modify,ListDirectory",POB818,ThisFolderSubFoldersAndFiles,UsualConvertedRight,2,VOLDATAH,5a685d0e2525b99975921db6
627,/HOME/INVENTAIRE,"Read,ReadAndExecute,Synchronize,Write,Delete,CreateFiles,CreateDirectories,Modify,ListDirectory,ReadPermissions,ChangePermissions",RYS218,ThisFolderSubFoldersAndFiles,UsualConvertedRight,2,VOLDATAH,5a685d0e2525b99975921db8
628,/HOME/INVENTAIRE,"Read,ReadAndExecute,Synchronize,Write,Delete,CreateFiles,CreateDirectories,Modify,ListDirectory",grp-PTX,ThisFolderSubFoldersAndFiles,OUConvertedRight,2,VOLDATAH,5a685d0e2525b99975921dba
629,/HOME/PIGISTE3,"Read,ReadAndExecute,Synchronize,Write,Delete,CreateFiles,CreateDirectories,Modify,ListDirectory,ReadPermissions,ChangePermissions",HNS841,ThisFolderSubFoldersAndFiles,UsualConvertedRight,2,VOLDATAH,5a685d0e2525b99975921dbc
630,/HOME/PIGISTE4,"Read,ReadAndExecute,Synchronize,Write,Delete,CreateFiles,CreateDirectories,Modify,ListDirectory,ReadPermissions,ChangePermissions",PIGISTE4,ThisFolderSubFoldersAndFiles,UsualConvertedRight,2,VOLDATAH,5a685d0e2525b99975921dbe
631,/HOME/MSJN,"Read,ReadAndExecute,Synchronize,Write,Delete,CreateFiles,CreateDirectories,Modify,ListDirectory,ReadPermissions,ChangePermissions",TKO004,ThisFolderSubFoldersAndFiles,UsualConvertedRight,2,VOLDATAH,5a685d0e2525b99975921dc0
632,/HOME/FMQT,"Read,ReadAndExecute,Synchronize,Write,Delete,CreateFiles,CreateDirectories,Modify,ListDirectory",QMJ813,ThisFolderSubFoldersAndFiles,UsualConvertedRight,2,VOLDATAH,5a685d0e2525b99975921dc2
633,/HOME/CLCD,"Read,ReadAndExecute,Synchronize,Write,Delete,CreateFiles,CreateDirectories,Modify,ListDirectory,ReadPermissions,ChangePermissions",CLCD,ThisFolderSubFoldersAndFiles,UsualConvertedRight,2,VOLDATAH,5a685d0e2525b99975921dc4
634,/HOME/LLBU,"Read,ReadAndExecute,Synchronize,Write,Delete,CreateFiles,CreateDirectories,Modify,ListDirectory,ReadPermissions,ChangePermissions",IMG197,ThisFolderSubFoldersAndFiles,UsualConvertedRight,2,VOLDATAH,5a685d0e2525b99975921dc6
635,/HOME/FVCT,"Read,ReadAndExecute,Synchronize,Write,Delete,CreateFiles,CreateDirectories,Modify,ListDirectory,ReadPermissions,ChangePermissions",NYE663,ThisFolderSubFoldersAndFiles,UsualConvertedRight,2,VOLDATAH,5a685d0e2525b99975921dc8
636,/HOME/CVSN,"Read,ReadAndExecute,Synchronize,Write,Delete,CreateFiles,CreateDirectories,Modify,ListDirectory,ReadPermissions,ChangePermissions",IXT038,ThisFolderSubFoldersAndFiles,UsualConvertedRight,2,VOLDATAH,5a685d0e2525b99975921dca
637,/HOME/MLON,"Read,ReadAndExecute,Synchronize,Write,Delete,CreateFiles,CreateDirectories,Modify,ListDirectory,ReadPermissions,ChangePermissions",VHF768,ThisFolderSubFoldersAndFiles,UsualConvertedRight,2,VOLDATAH,5a685d0e2525b99975921dcc
638,/HOME/B1720,"Read,ReadAndExecute,Synchronize,Write,Delete,CreateFiles,CreateDirectories,Modify,ListDirectory,ReadPermissions,ChangePermissions",B1720,ThisFolderSubFoldersAndFiles,UsualConvertedRight,2,VOLDATAH,5a685d0e2525b99975921dce
639,/HOME/MOHN,"Read,ReadAndExecute,Synchronize,Write,Delete,CreateFiles,CreateDirectories,Modify,ListDirectory,ReadPermissions,ChangePermissions",MOHN,ThisFolderSubFoldersAndFiles,UsualConvertedRight,2,VOLDATAH,5a685d0e2525b99975921dd0
640,/HOME/LS4DSI,"Read,ReadAndExecute,Synchronize,Write,Delete,CreateFiles,CreateDirectories,Modify,ListDirectory,ReadPermissions,ChangePermissions",MGB327,ThisFolderSubFoldersAndFiles,UsualConvertedRight,2,VOLDATAH,5a685d0e2525b99975921dd2
641,/HOME/MAGRD,"Read,ReadAndExecute,Synchronize,Write,Delete,CreateFiles,CreateDirectories,Modify,ListDirectory,ReadPermissions,ChangePermissions",URX165,ThisFolderSubFoldersAndFiles,UsualConvertedRight,2,VOLDATAH,5a685d0e2525b99975921dd4
642,/HOME/MAGSR,"Read,ReadAndExecute,Synchronize,Write,Delete,CreateFiles,CreateDirectories,Modify,ListDirectory,ReadPermissions,ChangePermissions",ELH442,ThisFolderSubFoldersAndFiles,UsualConvertedRight,2,VOLDATAH,5a685d0e2525b99975921dd6
643,/HOME/KVLE,"Read,ReadAndExecute,Synchronize,Write,Delete,CreateFiles,CreateDirectories,Modify,ListDirectory,ReadPermissions,ChangePermissions",KVLE,ThisFolderSubFoldersAndFiles,UsualConvertedRight,2,VOLDATAH,5a685d0e2525b99975921dd8
644,/HOME/SLBE,"Read,ReadAndExecute,Synchronize,Write,Delete,CreateFiles,CreateDirectories,Modify,ListDirectory",VDF292,ThisFolderSubFoldersAndFiles,UsualConvertedRight,2,VOLDATAH,5a685d0e2525b99975921dda
645,/HOME/CVDU,"Read,ReadAndExecute,Synchronize,Write,Delete,CreateFiles,CreateDirectories,Modify,ListDirectory,ReadPermissions,ChangePermissions",CVDU,ThisFolderSubFoldersAndFiles,UsualConvertedRight,2,VOLDATAH,5a685d0e2525b99975921ddc
646,/HOME/STANDARD2,"Read,ReadAndExecute,Synchronize,Write,Delete,CreateFiles,CreateDirectories,Modify,ListDirectory,ReadPermissions,ChangePermissions",RFP725,ThisFolderSubFoldersAndFiles,UsualConvertedRight,2,VOLDATAH,5a685d0e2525b99975921dde
647,/HOME/STDMAT09,"Read,ReadAndExecute,Synchronize,Write,Delete,CreateFiles,CreateDirectories,Modify,ListDirectory,ReadPermissions,ChangePermissions",STDMAT09,ThisFolderSubFoldersAndFiles,UsualConvertedRight,2,VOLDATAH,5a685d0e2525b99975921de0
648,/HOME/TKIF,"Read,ReadAndExecute,Synchronize,Write,Delete,CreateFiles,CreateDirectories,Modify,ListDirectory,ReadPermissions,ChangePermissions",BKK583,ThisFolderSubFoldersAndFiles,UsualConvertedRight,2,VOLDATAH,5a685d0e2525b99975921de2
649,/HOME/CDVR,"Read,ReadAndExecute,Synchronize,Write,Delete,CreateFiles,CreateDirectories,Modify,ListDirectory",YFW675,ThisFolderSubFoldersAndFiles,UsualConvertedRight,2,VOLDATAH,5a685d0e2525b99975921de4
650,/HOME/MATEXT02,"Read,ReadAndExecute,Synchronize,Write,Delete,CreateFiles,CreateDirectories,Modify,ListDirectory,ReadPermissions,ChangePermissions",MATEXT02,ThisFolderSubFoldersAndFiles,UsualConvertedRight,2,VOLDATAH,5a685d0e2525b99975921de6
651,/HOME/MATEXT01,"Read,ReadAndExecute,Synchronize,Write,Delete,CreateFiles,CreateDirectories,Modify,ListDirectory,ReadPermissions,ChangePermissions",MATEXT01,ThisFolderSubFoldersAndFiles,UsualConvertedRight,2,VOLDATAH,5a685d0e2525b99975921de8
652,/HOME/PBAR,"Read,ReadAndExecute,Synchronize,Write,Delete,CreateFiles,CreateDirectories,Modify,ListDirectory",NPQ230,ThisFolderSubFoldersAndFiles,UsualConvertedRight,2,VOLDATAH,5a685d0e2525b99975921dea
653,/HOME/ASGS,"Read,ReadAndExecute,Synchronize,Write,Delete,CreateFiles,CreateDirectories,Modify,ListDirectory,ReadPermissions,ChangePermissions",YTQ135,ThisFolderSubFoldersAndFiles,UsualConvertedRight,2,VOLDATAH,5a685d0e2525b99975921dec
654,/HOME/KGQ269,"Read,ReadAndExecute,Synchronize,Write,Delete,CreateFiles,CreateDirectories,Modify,ListDirectory",KGQ269,ThisFolderSubFoldersAndFiles,UsualConvertedRight,2,VOLDATAH,5a685d0e2525b99975921dee
655,/HOME/QVUX,"Read,ReadAndExecute,Synchronize,Write,Delete,CreateFiles,CreateDirectories,Modify,ListDirectory,ReadPermissions,ChangePermissions",QVUX,ThisFolderSubFoldersAndFiles,UsualConvertedRight,2,VOLDATAH,5a685d0e2525b99975921df0
656,/HOME/JFIS,"Read,ReadAndExecute,Synchronize,Write,Delete,CreateFiles,CreateDirectories,Modify,ListDirectory,ReadPermissions,ChangePermissions",JFIS,ThisFolderSubFoldersAndFiles,UsualConvertedRight,2,VOLDATAH,5a685d0e2525b99975921df2
657,/HOME/JCTL,"Read,ReadAndExecute,Synchronize,Write,Delete,CreateFiles,CreateDirectories,Modify,ListDirectory,ReadPermissions,ChangePermissions",NDQ346,ThisFolderSubFoldersAndFiles,UsualConvertedRight,2,VOLDATAH,5a685d0e2525b99975921df4
658,/HOME/STDMAT10,"Read,ReadAndExecute,Synchronize,Write,Delete,CreateFiles,CreateDirectories,Modify,ListDirectory",DSG785,ThisFolderSubFoldersAndFiles,UsualConvertedRight,2,VOLDATAH,5a685d0e2525b99975921df6
659,/HOME/SVIR,"Read,ReadAndExecute,Synchronize,Write,Delete,CreateFiles,CreateDirectories,Modify,ListDirectory",BMB493,ThisFolderSubFoldersAndFiles,UsualConvertedRight,2,VOLDATAH,5a685d0e2525b99975921df8
660,/HOME/MAGSR2,"Read,ReadAndExecute,Synchronize,Write,Delete,CreateFiles,CreateDirectories,Modify,ListDirectory",HAR495,ThisFolderSubFoldersAndFiles,UsualConvertedRight,2,VOLDATAH,5a685d0e2525b99975921dfa
661,/HOME/CBIE,"Read,ReadAndExecute,Synchronize,Write,Delete,CreateFiles,CreateDirectories,Modify,ListDirectory",NID224,ThisFolderSubFoldersAndFiles,UsualConvertedRight,2,VOLDATAH,5a685d0e2525b99975921dfc
662,/HOME/ASSDSI,"Read,ReadAndExecute,Synchronize,Write,Delete,CreateFiles,CreateDirectories,Modify,ListDirectory",BYX133,ThisFolderSubFoldersAndFiles,UsualConvertedRight,2,VOLDATAH,5a685d0e2525b99975921dfe
663,/HOME/BHBT,"Read,ReadAndExecute,Synchronize,Write,Delete,CreateFiles,CreateDirectories,Modify,ListDirectory",DHR277,ThisFolderSubFoldersAndFiles,UsualConvertedRight,2,VOLDATAH,5a685d0e2525b99975921e00
664,/HOME/MDCS,"Read,ReadAndExecute,Synchronize,Write,Delete,CreateFiles,CreateDirectories,Modify,ListDirectory",XYT686,ThisFolderSubFoldersAndFiles,UsualConvertedRight,2,VOLDATAH,5a685d0e2525b99975921e02
665,/HOME/GCER,"Read,ReadAndExecute,Synchronize,Write,Delete,CreateFiles,CreateDirectories,Modify,ListDirectory",LQW721,ThisFolderSubFoldersAndFiles,UsualConvertedRight,2,VOLDATAH,5a685d0e2525b99975921e04
666,/HOME/MCPN,"Read,ReadAndExecute,Synchronize,Write,Delete,CreateFiles,CreateDirectories,Modify,ListDirectory",YZB806,ThisFolderSubFoldersAndFiles,UsualConvertedRight,2,VOLDATAH,5a685d0e2525b99975921e06
667,/HOME/AOST,"Read,ReadAndExecute,Synchronize,Write,Delete,CreateFiles,CreateDirectories,Modify,ListDirectory",BUI466,ThisFolderSubFoldersAndFiles,UsualConvertedRight,2,VOLDATAH,5a685d0e2525b99975921e08
668,/HOME/SBLN,"Read,ReadAndExecute,Synchronize,Write,Delete,CreateFiles,CreateDirectories,Modify,ListDirectory",UGD411,ThisFolderSubFoldersAndFiles,UsualConvertedRight,2,VOLDATAH,5a685d0e2525b99975921e0a
669,/HOME/XBSA,"Read,ReadAndExecute,Synchronize,Write,Delete,CreateFiles,CreateDirectories,Modify,ListDirectory",FEZ536,ThisFolderSubFoldersAndFiles,UsualConvertedRight,2,VOLDATAH,5a685d0e2525b99975921e0c
670,/HOME/CRAO,"Read,ReadAndExecute,Synchronize,Write,Delete,CreateFiles,CreateDirectories,Modify,ListDirectory",CRAO,ThisFolderSubFoldersAndFiles,UsualConvertedRight,2,VOLDATAH,5a685d0e2525b99975921e0e
671,/HOME/PLSU,"Read,ReadAndExecute,Synchronize,Write,Delete,CreateFiles,CreateDirectories,Modify,ListDirectory",ZUL754,ThisFolderSubFoldersAndFiles,UsualConvertedRight,2,VOLDATAH,5a685d0e2525b99975921e10
672,/HOME/RBOH,"Read,ReadAndExecute,Synchronize,Write,Delete,CreateFiles,CreateDirectories,Modify,ListDirectory",RBOH,ThisFolderSubFoldersAndFiles,UsualConvertedRight,2,VOLDATAH,5a685d0e2525b99975921e12
673,/HOME/NNLI,"Read,ReadAndExecute,Synchronize,Write,Delete,CreateFiles,CreateDirectories,Modify,ListDirectory",OVA587,ThisFolderSubFoldersAndFiles,UsualConvertedRight,2,VOLDATAH,5a685d0e2525b99975921e14
674,/HOME/CBCT,"Read,ReadAndExecute,Synchronize,Write,Delete,CreateFiles,CreateDirectories,Modify,ListDirectory",XBS481,ThisFolderSubFoldersAndFiles,UsualConvertedRight,2,VOLDATAH,5a685d0e2525b99975921e16
675,/HOME/JMCR,"Read,ReadAndExecute,Synchronize,Write,Delete,CreateFiles,CreateDirectories,Modify,ListDirectory",UXB461,ThisFolderSubFoldersAndFiles,UsualConvertedRight,2,VOLDATAH,5a685d0e2525b99975921e18
676,/HOME/JBNA,"Read,ReadAndExecute,Synchronize,Write,Delete,CreateFiles,CreateDirectories,Modify,ListDirectory",HMQ812,ThisFolderSubFoldersAndFiles,UsualConvertedRight,2,VOLDATAH,5a685d0e2525b99975921e1a
677,/HOME/VGMN,"Read,ReadAndExecute,Synchronize,Write,Delete,CreateFiles,CreateDirectories,Modify,ListDirectory",TAX360,ThisFolderSubFoldersAndFiles,UsualConvertedRight,2,VOLDATAH,5a685d0e2525b99975921e1c
678,/HOME/JHRN,"Read,ReadAndExecute,Synchronize,Write,Delete,CreateFiles,CreateDirectories,Modify,ListDirectory",YNQ755,ThisFolderSubFoldersAndFiles,UsualConvertedRight,2,VOLDATAH,5a685d0e2525b99975921e1e
679,/HOME/OSNT,"Read,ReadAndExecute,Synchronize,Write,Delete,CreateFiles,CreateDirectories,Modify,ListDirectory",KSG854,ThisFolderSubFoldersAndFiles,UsualConvertedRight,2,VOLDATAH,5a685d0e2525b99975921e20
680,/HOME/MBTX,"Read,ReadAndExecute,Synchronize,Write,Delete,CreateFiles,CreateDirectories,Modify,ListDirectory",QPB422,ThisFolderSubFoldersAndFiles,UsualConvertedRight,2,VOLDATAH,5a685d0e2525b99975921e22
681,/HOME/FMSOPS,"Read,ReadAndExecute,Synchronize,Write,Delete,CreateFiles,CreateDirectories,Modify,ListDirectory",GQI996,ThisFolderSubFoldersAndFiles,UsualConvertedRight,2,VOLDATAH,5a685d0e2525b99975921e24
682,/HOME/NBRY,"Read,ReadAndExecute,Synchronize,Write,Delete,CreateFiles,CreateDirectories,Modify,ListDirectory",YRF345,ThisFolderSubFoldersAndFiles,UsualConvertedRight,2,VOLDATAH,5a685d0e2525b99975921e26
683,/HOME/NSGT,"Read,ReadAndExecute,Synchronize,Write,Delete,CreateFiles,CreateDirectories,Modify,ListDirectory",BPG943,ThisFolderSubFoldersAndFiles,UsualConvertedRight,2,VOLDATAH,5a685d0e2525b99975921e28
684,/HOME/LS6DSI,"Read,ReadAndExecute,Synchronize,Write,Delete,CreateFiles,CreateDirectories,Modify,ListDirectory",TPK837,ThisFolderSubFoldersAndFiles,UsualConvertedRight,2,VOLDATAH,5a685d0e2525b99975921e2a
685,/HOME/GPZA,"Read,ReadAndExecute,Synchronize,Write,Delete,CreateFiles,CreateDirectories,Modify,ListDirectory",MUT585,ThisFolderSubFoldersAndFiles,UsualConvertedRight,2,VOLDATAH,5a685d0e2525b99975921e2c
686,/HOME/ALBY,"Read,ReadAndExecute,Synchronize,Write,Delete,CreateFiles,CreateDirectories,Modify,ListDirectory",RHO039,ThisFolderSubFoldersAndFiles,UsualConvertedRight,2,VOLDATAH,5a685d0e2525b99975921e2e
687,/HOME/MHBT,"Read,ReadAndExecute,Synchronize,Write,Delete,CreateFiles,CreateDirectories,Modify,ListDirectory",HHP340,ThisFolderSubFoldersAndFiles,UsualConvertedRight,2,VOLDATAH,5a685d0e2525b99975921e30
688,/HOME/SPHN,"Read,ReadAndExecute,Synchronize,Write,Delete,CreateFiles,CreateDirectories,Modify,ListDirectory",VFA833,ThisFolderSubFoldersAndFiles,UsualConvertedRight,2,VOLDATAH,5a685d0e2525b99975921e32
689,/HOME/AFOH,"Read,ReadAndExecute,Synchronize,Write,Delete,CreateFiles,CreateDirectories,Modify,ListDirectory",BWE577,ThisFolderSubFoldersAndFiles,UsualConvertedRight,2,VOLDATAH,5a685d0e2525b99975921e34
690,/HOME/NLEC,"Read,ReadAndExecute,Synchronize,Write,Delete,CreateFiles,CreateDirectories,Modify,ListDirectory",TZX909,ThisFolderSubFoldersAndFiles,UsualConvertedRight,2,VOLDATAH,5a685d0e2525b99975921e36
691,/HOME/SBTE,"Read,ReadAndExecute,Synchronize,Write,Delete,CreateFiles,CreateDirectories,Modify,ListDirectory",JJZ540,ThisFolderSubFoldersAndFiles,UsualConvertedRight,2,VOLDATAH,5a685d0e2525b99975921e38
692,/HOME/CTEA,"Read,ReadAndExecute,Synchronize,Write,Delete,CreateFiles,CreateDirectories,Modify,ListDirectory",CPW326,ThisFolderSubFoldersAndFiles,UsualConvertedRight,2,VOLDATAH,5a685d0e2525b99975921e3a
693,/HOME/ATOS,"Read,ReadAndExecute,Synchronize,Write,Delete,CreateFiles,CreateDirectories,Modify,ListDirectory",ATOS,ThisFolderSubFoldersAndFiles,UsualConvertedRight,2,VOLDATAH,5a685d0e2525b99975921e3c
694,/HOME/DRHGRP,"Read,ReadAndExecute,Synchronize,Write,Delete,CreateFiles,CreateDirectories,Modify,ListDirectory",DRHGRP,ThisFolderSubFoldersAndFiles,UsualConvertedRight,2,VOLDATAH,5a685d0e2525b99975921e3e
695,/HOME/GGUE,"Read,ReadAndExecute,Synchronize,Write,Delete,CreateFiles,CreateDirectories,Modify,ListDirectory",JEQ354,ThisFolderSubFoldersAndFiles,UsualConvertedRight,2,VOLDATAH,5a685d0e2525b99975921e40
696,/HOME/STBMR14,"Read,ReadAndExecute,Synchronize,Write,Delete,CreateFiles,CreateDirectories,Modify,ListDirectory",UTJ970,ThisFolderSubFoldersAndFiles,UsualConvertedRight,2,VOLDATAH,5a685d0e2525b99975921e42
697,/HOME/GGDI,"Read,ReadAndExecute,Synchronize,Write,Delete,CreateFiles,CreateDirectories,Modify,ListDirectory",OLU187,ThisFolderSubFoldersAndFiles,UsualConvertedRight,2,VOLDATAH,5a685d0e2525b99975921e44
698,/HOME/VSLU,"Read,ReadAndExecute,Synchronize,Write,Delete,CreateFiles,CreateDirectories,Modify,ListDirectory",ZEC037,ThisFolderSubFoldersAndFiles,UsualConvertedRight,2,VOLDATAH,5a685d0e2525b99975921e46
699,/HOME/MKVN,"Read,ReadAndExecute,Synchronize,Write,Delete,CreateFiles,CreateDirectories,Modify,ListDirectory",FGQ664,ThisFolderSubFoldersAndFiles,UsualConvertedRight,2,VOLDATAH,5a685d0e2525b99975921e48
700,/HOME/TOCE,"Read,ReadAndExecute,Synchronize,Write,Delete,CreateFiles,CreateDirectories,Modify,ListDirectory",PED037,ThisFolderSubFoldersAndFiles,UsualConvertedRight,2,VOLDATAH,5a685d0e2525b99975921e4a
701,/HOME/HBHY,"Read,ReadAndExecute,Synchronize,Write,Delete,CreateFiles,CreateDirectories,Modify,ListDirectory",GXW585,ThisFolderSubFoldersAndFiles,UsualConvertedRight,2,VOLDATAH,5a685d0e2525b99975921e4c
702,/HOME/TST_MSG1,"Read,ReadAndExecute,Synchronize,Write,Delete,CreateFiles,CreateDirectories,Modify,ListDirectory",TST_MSG1,ThisFolderSubFoldersAndFiles,UsualConvertedRight,2,VOLDATAH,5a685d0e2525b99975921e4e
703,/HOME/ANUI,"Read,ReadAndExecute,Synchronize,Write,Delete,CreateFiles,CreateDirectories,Modify,ListDirectory",KWU830,ThisFolderSubFoldersAndFiles,UsualConvertedRight,2,VOLDATAH,5a685d0e2525b99975921e50
704,/HOME/TST_MSG2,"Read,ReadAndExecute,Synchronize,Write,Delete,CreateFiles,CreateDirectories,Modify,ListDirectory",TST_MSG2,ThisFolderSubFoldersAndFiles,UsualConvertedRight,2,VOLDATAH,5a685d0e2525b99975921e52
705,/HOME/TST_MSG3,"Read,ReadAndExecute,Synchronize,Write,Delete,CreateFiles,CreateDirectories,Modify,ListDirectory",TST_MSG3,ThisFolderSubFoldersAndFiles,UsualConvertedRight,2,VOLDATAH,5a685d0e2525b99975921e54
706,/HOME/INVENTAIRE/inventaire.bat,"Read,ReadAndExecute,Synchronize,Write,Delete,CreateFiles,CreateDirectories,Modify,ListDirectory,ReadPermissions,ChangePermissions",RYS218,ThisFolderSubFoldersAndFiles,UsualConvertedRight,2,VOLDATAH,5a685d0e2525b99975921e56
707,/HOME/INVENTAIRE/OK,"Read,ReadAndExecute,Synchronize,Write,Delete,CreateFiles,CreateDirectories,Modify,ListDirectory,ReadPermissions,ChangePermissions",RYS218,ThisFolderSubFoldersAndFiles,UsualConvertedRight,2,VOLDATAH,5a685d0e2525b99975921e58
708,/HOME/INVENTAIRE/OK,"Read,ReadAndExecute,Synchronize,Write,CreateFiles,CreateDirectories,Modify,ListDirectory",grp-PTX,ThisFolderSubFoldersAndFiles,OUConvertedRight,2,VOLDATAH,5a685d0e2525b99975921e5a
709,/HOME/ICUN/RESTAURATION G-Bernier/CHAVANES,"Read,ReadAndExecute,Synchronize,Write,Delete,CreateFiles,CreateDirectories,Modify,ListDirectory",CHAVANES,ThisFolderSubFoldersAndFiles,UsualConvertedRight,2,VOLDATAH,5a685d0e2525b99975921e5c
710,/HOME/ICUN/RESTAURATION G-Bernier/transfertNFA,"Read,ReadAndExecute,Synchronize,Write,Delete,CreateFiles,CreateDirectories,Modify,ListDirectory",TRANSFERT-NFA,ThisFolderSubFoldersAndFiles,UsualConvertedRight,2,VOLDATAH,5a685d0e2525b99975921e5e
711,/HOME/TST_MSG4,"Read,ReadAndExecute,Synchronize,Write,Delete,CreateFiles,CreateDirectories,Modify,ListDirectory",TST_MSG4,ThisFolderSubFoldersAndFiles,UsualConvertedRight,2,VOLDATAH,5a685d0e2525b99975921e60
712,/HOME/TST_MSG5,"Read,ReadAndExecute,Synchronize,Write,Delete,CreateFiles,CreateDirectories,Modify,ListDirectory",TST_MSG5,ThisFolderSubFoldersAndFiles,UsualConvertedRight,2,VOLDATAH,5a685d0e2525b99975921e62
713,/HOME/TST_SPC0,"Read,ReadAndExecute,Synchronize,Write,Delete,CreateFiles,CreateDirectories,Modify,ListDirectory",TST_SPC0,ThisFolderSubFoldersAndFiles,UsualConvertedRight,2,VOLDATAH,5a685d0e2525b99975921e64
714,/HOME/TST_SPC1,"Read,ReadAndExecute,Synchronize,Write,Delete,CreateFiles,CreateDirectories,Modify,ListDirectory",TST_SPC1,ThisFolderSubFoldersAndFiles,UsualConvertedRight,2,VOLDATAH,5a685d0e2525b99975921e66
715,/HOME/TST_SPC2,"Read,ReadAndExecute,Synchronize,Write,Delete,CreateFiles,CreateDirectories,Modify,ListDirectory",TST_SPC2,ThisFolderSubFoldersAndFiles,UsualConvertedRight,2,VOLDATAH,5a685d0e2525b99975921e68
716,/HOME/TST_SPC3,"Read,ReadAndExecute,Synchronize,Write,Delete,CreateFiles,CreateDirectories,Modify,ListDirectory",TST_SPC3,ThisFolderSubFoldersAndFiles,UsualConvertedRight,2,VOLDATAH,5a685d0e2525b99975921e6a
717,/HOME/TST_SPC4,"Read,ReadAndExecute,Synchronize,Write,Delete,CreateFiles,CreateDirectories,Modify,ListDirectory",TST_SPC4,ThisFolderSubFoldersAndFiles,UsualConvertedRight,2,VOLDATAH,5a685d0e2525b99975921e6c
718,/HOME/TST_SPC5,"Read,ReadAndExecute,Synchronize,Write,Delete,CreateFiles,CreateDirectories,Modify,ListDirectory",TST_SPC5,ThisFolderSubFoldersAndFiles,UsualConvertedRight,2,VOLDATAH,5a685d0e2525b99975921e6e
719,/HOME/TST_SPC6,"Read,ReadAndExecute,Synchronize,Write,Delete,CreateFiles,CreateDirectories,Modify,ListDirectory",TST_SPC6,ThisFolderSubFoldersAndFiles,UsualConvertedRight,2,VOLDATAH,5a685d0e2525b99975921e70
720,/HOME/TST_SPC7,"Read,ReadAndExecute,Synchronize,Write,Delete,CreateFiles,CreateDirectories,Modify,ListDirectory",TST_SPC7,ThisFolderSubFoldersAndFiles,UsualConvertedRight,2,VOLDATAH,5a685d0e2525b99975921e72
721,/HOME/TST_SPC8,"Read,ReadAndExecute,Synchronize,Write,Delete,CreateFiles,CreateDirectories,Modify,ListDirectory",TST_SPC8,ThisFolderSubFoldersAndFiles,UsualConvertedRight,2,VOLDATAH,5a685d0e2525b99975921e74
722,/HOME/TST_SPC9,"Read,ReadAndExecute,Synchronize,Write,Delete,CreateFiles,CreateDirectories,Modify,ListDirectory",TST_SPC9,ThisFolderSubFoldersAndFiles,UsualConvertedRight,2,VOLDATAH,5a685d0e2525b99975921e76
723,/HOME/TST_GLB0,"Read,ReadAndExecute,Synchronize,Write,Delete,CreateFiles,CreateDirectories,Modify,ListDirectory",TST_GLB0,ThisFolderSubFoldersAndFiles,UsualConvertedRight,2,VOLDATAH,5a685d0e2525b99975921e78
724,/HOME/TST_GLB1,"Read,ReadAndExecute,Synchronize,Write,Delete,CreateFiles,CreateDirectories,Modify,ListDirectory",AUE554,ThisFolderSubFoldersAndFiles,UsualConvertedRight,2,VOLDATAH,5a685d0e2525b99975921e7a
725,/HOME/TST_GLB2,"Read,ReadAndExecute,Synchronize,Write,Delete,CreateFiles,CreateDirectories,Modify,ListDirectory",GRV660,ThisFolderSubFoldersAndFiles,UsualConvertedRight,2,VOLDATAH,5a685d0e2525b99975921e7c
726,/HOME/TST_GLB3,"Read,ReadAndExecute,Synchronize,Write,Delete,CreateFiles,CreateDirectories,Modify,ListDirectory",WUC416,ThisFolderSubFoldersAndFiles,UsualConvertedRight,2,VOLDATAH,5a685d0e2525b99975921e7e
727,/HOME/TST_GLB4,"Read,ReadAndExecute,Synchronize,Write,Delete,CreateFiles,CreateDirectories,Modify,ListDirectory",TST_GLB4,ThisFolderSubFoldersAndFiles,UsualConvertedRight,2,VOLDATAH,5a685d0e2525b99975921e80
728,/HOME/TST_GLB5,"Read,ReadAndExecute,Synchronize,Write,Delete,CreateFiles,CreateDirectories,Modify,ListDirectory",TST_GLB5,ThisFolderSubFoldersAndFiles,UsualConvertedRight,2,VOLDATAH,5a685d0e2525b99975921e82
729,/HOME/TST_GLB6,"Read,ReadAndExecute,Synchronize,Write,Delete,CreateFiles,CreateDirectories,Modify,ListDirectory",TST654,ThisFolderSubFoldersAndFiles,UsualConvertedRight,2,VOLDATAH,5a685d0e2525b99975921e84
730,/HOME/TST_GLB7,"Read,ReadAndExecute,Synchronize,Write,Delete,CreateFiles,CreateDirectories,Modify,ListDirectory",TST_GLB7,ThisFolderSubFoldersAndFiles,UsualConvertedRight,2,VOLDATAH,5a685d0e2525b99975921e86
731,/HOME/TST_GLB8,"Read,ReadAndExecute,Synchronize,Write,Delete,CreateFiles,CreateDirectories,Modify,ListDirectory",TST_GLB8,ThisFolderSubFoldersAndFiles,UsualConvertedRight,2,VOLDATAH,5a685d0e2525b99975921e88
732,/HOME/TST_GLB9,"Read,ReadAndExecute,Synchronize,Write,Delete,CreateFiles,CreateDirectories,Modify,ListDirectory",TST_GLB9,ThisFolderSubFoldersAndFiles,UsualConvertedRight,2,VOLDATAH,5a685d0e2525b99975921e8a
733,/HOME/VDVE,"Read,ReadAndExecute,Synchronize,Write,Delete,CreateFiles,CreateDirectories,Modify,ListDirectory",TBL109,ThisFolderSubFoldersAndFiles,UsualConvertedRight,2,VOLDATAH,5a685d0e2525b99975921e8c
734,/HOME/FORMCNEWS1,"Read,ReadAndExecute,Synchronize,Write,Delete,CreateFiles,CreateDirectories,Modify,ListDirectory",FORMCNEWS1,ThisFolderSubFoldersAndFiles,UsualConvertedRight,2,VOLDATAH,5a685d0e2525b99975921e8e
735,/HOME/FORMCNEWS2,"Read,ReadAndExecute,Synchronize,Write,Delete,CreateFiles,CreateDirectories,Modify,ListDirectory",FORMCNEWS2,ThisFolderSubFoldersAndFiles,UsualConvertedRight,2,VOLDATAH,5a685d0e2525b99975921e90
736,/HOME/FORMCNEWS3,"Read,ReadAndExecute,Synchronize,Write,Delete,CreateFiles,CreateDirectories,Modify,ListDirectory",FORMCNEWS3,ThisFolderSubFoldersAndFiles,UsualConvertedRight,2,VOLDATAH,5a685d0e2525b99975921e92
737,/HOME/FORMCNEWS4,"Read,ReadAndExecute,Synchronize,Write,Delete,CreateFiles,CreateDirectories,Modify,ListDirectory",FORMCNEWS4,ThisFolderSubFoldersAndFiles,UsualConvertedRight,2,VOLDATAH,5a685d0e2525b99975921e94
738,/HOME/FORMCNEWS5,"Read,ReadAndExecute,Synchronize,Write,Delete,CreateFiles,CreateDirectories,Modify,ListDirectory",FORMCNEWS5,ThisFolderSubFoldersAndFiles,UsualConvertedRight,2,VOLDATAH,5a685d0e2525b99975921e96
739,/HOME/FORMCNEWS6,"Read,ReadAndExecute,Synchronize,Write,Delete,CreateFiles,CreateDirectories,Modify,ListDirectory",FORMCNEWS6,ThisFolderSubFoldersAndFiles,UsualConvertedRight,2,VOLDATAH,5a685d0e2525b99975921e98
740,/HOME/FORMCNEWS7,"Read,ReadAndExecute,Synchronize,Write,Delete,CreateFiles,CreateDirectories,Modify,ListDirectory",FORMCNEWS7,ThisFolderSubFoldersAndFiles,UsualConvertedRight,2,VOLDATAH,5a685d0e2525b99975921e9a
741,/HOME/FORMCNEWS8,"Read,ReadAndExecute,Synchronize,Write,Delete,CreateFiles,CreateDirectories,Modify,ListDirectory",FORMCNEWS8,ThisFolderSubFoldersAndFiles,UsualConvertedRight,2,VOLDATAH,5a685d0e2525b99975921e9c
742,/HOME/FORMCNEWS9,"Read,ReadAndExecute,Synchronize,Write,Delete,CreateFiles,CreateDirectories,Modify,ListDirectory",FORMCNEWS9,ThisFolderSubFoldersAndFiles,UsualConvertedRight,2,VOLDATAH,5a685d0e2525b99975921e9e
743,/HOME/FORMCNEWS10,"Read,ReadAndExecute,Synchronize,Write,Delete,CreateFiles,CreateDirectories,Modify,ListDirectory",FORMCNEWS10,ThisFolderSubFoldersAndFiles,UsualConvertedRight,2,VOLDATAH,5a685d0e2525b99975921ea0
744,/HOME/FORMCNEWS11,"Read,ReadAndExecute,Synchronize,Write,Delete,CreateFiles,CreateDirectories,Modify,ListDirectory",FORMCNEWS11,ThisFolderSubFoldersAndFiles,UsualConvertedRight,2,VOLDATAH,5a685d0e2525b99975921ea2
745,/HOME/FORMCNEWS12,"Read,ReadAndExecute,Synchronize,Write,Delete,CreateFiles,CreateDirectories,Modify,ListDirectory",FORMCNEWS12,ThisFolderSubFoldersAndFiles,UsualConvertedRight,2,VOLDATAH,5a685d0e2525b99975921ea4
746,/HOME/RDOT,"Read,ReadAndExecute,Synchronize,Write,Delete,CreateFiles,CreateDirectories,Modify,ListDirectory",KJN516,ThisFolderSubFoldersAndFiles,UsualConvertedRight,2,VOLDATAH,5a685d0e2525b99975921ea6
747,/HOME/KUJ972,"Read,ReadAndExecute,Synchronize,Write,Delete,CreateFiles,CreateDirectories,Modify,ListDirectory",KUJ972,ThisFolderSubFoldersAndFiles,UsualConvertedRight,2,VOLDATAH,5a685d0e2525b99975921ea8
748,/HOME/ASTA,"Read,ReadAndExecute,Synchronize,Write,Delete,CreateFiles,CreateDirectories,Modify,ListDirectory",ZOL377,ThisFolderSubFoldersAndFiles,UsualConvertedRight,2,VOLDATAH,5a685d0e2525b99975921eaa
749,/HOME/VVRE,"Read,ReadAndExecute,Synchronize,Write,Delete,CreateFiles,CreateDirectories,Modify,ListDirectory",IXN531,ThisFolderSubFoldersAndFiles,UsualConvertedRight,2,VOLDATAH,5a685d0e2525b99975921eac
750,/HOME/AGAS,"Read,ReadAndExecute,Synchronize,Write,Delete,CreateFiles,CreateDirectories,Modify,ListDirectory",TGH806,ThisFolderSubFoldersAndFiles,UsualConvertedRight,2,VOLDATAH,5a685d0e2525b99975921eae
751,/HOME/MDNN,"Read,ReadAndExecute,Synchronize,Write,Delete,CreateFiles,CreateDirectories,Modify,ListDirectory",LFB382,ThisFolderSubFoldersAndFiles,UsualConvertedRight,2,VOLDATAH,5a685d0e2525b99975921eb0
752,/HOME/MCOE,"Read,ReadAndExecute,Synchronize,Write,Delete,CreateFiles,CreateDirectories,Modify,ListDirectory",XMX441,ThisFolderSubFoldersAndFiles,UsualConvertedRight,2,VOLDATAH,5a685d0e2525b99975921eb2
753,/HOME/CMK289,"Read,ReadAndExecute,Synchronize,Write,Delete,CreateFiles,CreateDirectories,Modify,ListDirectory",CMK289,ThisFolderSubFoldersAndFiles,UsualConvertedRight,2,VOLDATAH,5a685d0e2525b99975921eb4
754,/HOME/INU445,"Read,ReadAndExecute,Synchronize,Write,Delete,CreateFiles,CreateDirectories,Modify,ListDirectory",INU445,ThisFolderSubFoldersAndFiles,UsualConvertedRight,2,VOLDATAH,5a685d0e2525b99975921eb6
755,/HOME/KYM161,"Read,ReadAndExecute,Synchronize,Write,Delete,CreateFiles,CreateDirectories,Modify,ListDirectory",KYM161,ThisFolderSubFoldersAndFiles,UsualConvertedRight,2,VOLDATAH,5a685d0e2525b99975921eb8
756,/HOME/FTN475,"Read,ReadAndExecute,Synchronize,Write,Delete,CreateFiles,CreateDirectories,Modify,ListDirectory",FTN475,ThisFolderSubFoldersAndFiles,UsualConvertedRight,2,VOLDATAH,5a685d0e2525b99975921eba
757,/HOME/ICX740,"Read,ReadAndExecute,Synchronize,Write,Delete,CreateFiles,CreateDirectories,Modify,ListDirectory",ICX740,ThisFolderSubFoldersAndFiles,UsualConvertedRight,2,VOLDATAH,5a685d0e2525b99975921ebc
758,/HOME/WJW840,"Read,ReadAndExecute,Synchronize,Write,Delete,CreateFiles,CreateDirectories,Modify,ListDirectory",WJW840,ThisFolderSubFoldersAndFiles,UsualConvertedRight,2,VOLDATAH,5a685d0e2525b99975921ebe
759,/HOME/ELGS,"Read,ReadAndExecute,Synchronize,Write,Delete,CreateFiles,CreateDirectories,Modify,ListDirectory",QBG635,ThisFolderSubFoldersAndFiles,UsualConvertedRight,2,VOLDATAH,5a685d0e2525b99975921ec0
760,/HOME/ELGS,"Read,ReadAndExecute,Synchronize,Write,Delete,CreateFiles,CreateDirectories,Modify,ListDirectory",DRHGRP-ASSUAXASFDM,ThisFolderSubFoldersAndFiles,UsualConvertedRight,2,VOLDATAH,5a685d0e2525b99975921ec2
761,/HOME/KAE772,"Read,ReadAndExecute,Synchronize,Write,Delete,CreateFiles,CreateDirectories,Modify,ListDirectory",KAE772,ThisFolderSubFoldersAndFiles,UsualConvertedRight,2,VOLDATAH,5a685d0e2525b99975921ec4
762,/HOME/LUF961,"Read,ReadAndExecute,Synchronize,Write,Delete,CreateFiles,CreateDirectories,Modify,ListDirectory",LUF961,ThisFolderSubFoldersAndFiles,UsualConvertedRight,2,VOLDATAH,5a685d0e2525b99975921ec6
763,/HOME/SZK673,"Read,ReadAndExecute,Synchronize,Write,Delete,CreateFiles,CreateDirectories,Modify,ListDirectory",SZK673,ThisFolderSubFoldersAndFiles,UsualConvertedRight,2,VOLDATAH,5a685d0e2525b99975921ec8
764,/HOME/TQZ615,"Read,ReadAndExecute,Synchronize,Write,Delete,CreateFiles,CreateDirectories,Modify,ListDirectory",TQZ615,ThisFolderSubFoldersAndFiles,UsualConvertedRight,2,VOLDATAH,5a685d0e2525b99975921eca
765,/HOME/ABD688,"Read,ReadAndExecute,Synchronize,Write,Delete,CreateFiles,CreateDirectories,Modify,ListDirectory",ABD688,ThisFolderSubFoldersAndFiles,UsualConvertedRight,2,VOLDATAH,5a685d0e2525b99975921ecc
766,/HOME/NXV923,"Read,ReadAndExecute,Synchronize,Write,Delete,CreateFiles,CreateDirectories,Modify,ListDirectory",NXV923,ThisFolderSubFoldersAndFiles,UsualConvertedRight,2,VOLDATAH,5a685d0e2525b99975921ece
767,/HOME/WJH664,"Read,ReadAndExecute,Synchronize,Write,Delete,CreateFiles,CreateDirectories,Modify,ListDirectory",WJH664,ThisFolderSubFoldersAndFiles,UsualConvertedRight,2,VOLDATAH,5a685d0e2525b99975921ed0
768,/HOME/FGB344,"Read,ReadAndExecute,Synchronize,Write,Delete,CreateFiles,CreateDirectories,Modify,ListDirectory",FGB344,ThisFolderSubFoldersAndFiles,UsualConvertedRight,2,VOLDATAH,5a685d0e2525b99975921ed2
769,/HOME/OMJ895,"Read,ReadAndExecute,Synchronize,Write,Delete,CreateFiles,CreateDirectories,Modify,ListDirectory",OMJ895,ThisFolderSubFoldersAndFiles,UsualConvertedRight,2,VOLDATAH,5a685d0e2525b99975921ed4
770,/HOME/DTW950,"Read,ReadAndExecute,Synchronize,Write,Delete,CreateFiles,CreateDirectories,Modify,ListDirectory",DTW950,ThisFolderSubFoldersAndFiles,UsualConvertedRight,2,VOLDATAH,5a685d0e2525b99975921ed6
771,/HOME/NIT194,"Read,ReadAndExecute,Synchronize,Write,Delete,CreateFiles,CreateDirectories,Modify,ListDirectory",NIT194,ThisFolderSubFoldersAndFiles,UsualConvertedRight,2,VOLDATAH,5a685d0e2525b99975921ed8
772,/HOME/UOQ279,"Read,ReadAndExecute,Synchronize,Write,Delete,CreateFiles,CreateDirectories,Modify,ListDirectory",UOQ279,ThisFolderSubFoldersAndFiles,UsualConvertedRight,2,VOLDATAH,5a685d0e2525b99975921eda
773,/HOME/FSM396,"Read,ReadAndExecute,Synchronize,Write,Delete,CreateFiles,CreateDirectories,Modify,ListDirectory",FSM396,ThisFolderSubFoldersAndFiles,UsualConvertedRight,2,VOLDATAH,5a685d0e2525b99975921edc
774,/HOME/GZA059,"Read,ReadAndExecute,Synchronize,Write,Delete,CreateFiles,CreateDirectories,Modify,ListDirectory",GZA059,ThisFolderSubFoldersAndFiles,UsualConvertedRight,2,VOLDATAH,5a685d0e2525b99975921ede
775,/HOME/KYX778,"Read,ReadAndExecute,Synchronize,Write,Delete,CreateFiles,CreateDirectories,Modify,ListDirectory",KYX778,ThisFolderSubFoldersAndFiles,UsualConvertedRight,2,VOLDATAH,5a685d0e2525b99975921ee0
776,/HOME/VTW260,"Read,ReadAndExecute,Synchronize,Write,Delete,CreateFiles,CreateDirectories,Modify,ListDirectory",VTW260,ThisFolderSubFoldersAndFiles,UsualConvertedRight,2,VOLDATAH,5a685d0e2525b99975921ee2
777,/HOME/SVS425,"Read,ReadAndExecute,Synchronize,Write,Delete,CreateFiles,CreateDirectories,Modify,ListDirectory",SVS425,ThisFolderSubFoldersAndFiles,UsualConvertedRight,2,VOLDATAH,5a685d0e2525b99975921ee4
778,/HOME/MXF745,"Read,ReadAndExecute,Synchronize,Write,Delete,CreateFiles,CreateDirectories,Modify,ListDirectory",MXF745,ThisFolderSubFoldersAndFiles,UsualConvertedRight,2,VOLDATAH,5a685d0e2525b99975921ee6
779,/HOME/MLB648,"Read,ReadAndExecute,Synchronize,Write,Delete,CreateFiles,CreateDirectories,Modify,ListDirectory",MLB648,ThisFolderSubFoldersAndFiles,UsualConvertedRight,2,VOLDATAH,5a685d0e2525b99975921ee8
780,/HOME/GJI314,"Read,ReadAndExecute,Synchronize,Write,Delete,CreateFiles,CreateDirectories,Modify,ListDirectory",GJI314,ThisFolderSubFoldersAndFiles,UsualConvertedRight,2,VOLDATAH,5a685d0e2525b99975921eea
781,/HOME/RPE494,"Read,ReadAndExecute,Synchronize,Write,Delete,CreateFiles,CreateDirectories,Modify,ListDirectory",RPE494,ThisFolderSubFoldersAndFiles,UsualConvertedRight,2,VOLDATAH,5a685d0e2525b99975921eec
782,/HOME/MCV248,"Read,ReadAndExecute,Synchronize,Write,Delete,CreateFiles,CreateDirectories,Modify,ListDirectory",MCV248,ThisFolderSubFoldersAndFiles,UsualConvertedRight,2,VOLDATAH,5a685d0e2525b99975921eee
783,/HOME/MIE466,"Read,ReadAndExecute,Synchronize,Write,Delete,CreateFiles,CreateDirectories,Modify,ListDirectory",MIE466,ThisFolderSubFoldersAndFiles,UsualConvertedRight,2,VOLDATAH,5a685d0e2525b99975921ef0
784,/HOME/INB818,"Read,ReadAndExecute,Synchronize,Write,Delete,CreateFiles,CreateDirectories,Modify,ListDirectory",INB818,ThisFolderSubFoldersAndFiles,UsualConvertedRight,2,VOLDATAH,5a685d0e2525b99975921ef2
785,/HOME/CJO183,"Read,ReadAndExecute,Synchronize,Write,Delete,CreateFiles,CreateDirectories,Modify,ListDirectory",CJO183,ThisFolderSubFoldersAndFiles,UsualConvertedRight,2,VOLDATAH,5a685d0e2525b99975921ef4
786,/HOME/HMZ801,"Read,ReadAndExecute,Synchronize,Write,Delete,CreateFiles,CreateDirectories,Modify,ListDirectory",HMZ801,ThisFolderSubFoldersAndFiles,UsualConvertedRight,2,VOLDATAH,5a685d0e2525b99975921ef6
787,/HOME/YBS513,"Read,ReadAndExecute,Synchronize,Write,Delete,CreateFiles,CreateDirectories,Modify,ListDirectory",YBS513,ThisFolderSubFoldersAndFiles,UsualConvertedRight,2,VOLDATAH,5a685d0e2525b99975921ef8
788,/HOME/NYS113,"Read,ReadAndExecute,Synchronize,Write,Delete,CreateFiles,CreateDirectories,Modify,ListDirectory",NYS113,ThisFolderSubFoldersAndFiles,UsualConvertedRight,2,VOLDATAH,5a685d0e2525b99975921efa
789,/HOME/RIN496,"Read,ReadAndExecute,Synchronize,Write,Delete,CreateFiles,CreateDirectories,Modify,ListDirectory",RIN496,ThisFolderSubFoldersAndFiles,UsualConvertedRight,2,VOLDATAH,5a685d0e2525b99975921efc
790,/HOME/AWZ232,"Read,ReadAndExecute,Synchronize,Write,Delete,CreateFiles,CreateDirectories,Modify,ListDirectory",AWZ232,ThisFolderSubFoldersAndFiles,UsualConvertedRight,2,VOLDATAH,5a685d0e2525b99975921efe
791,/HOME/AKZ523,"Read,ReadAndExecute,Synchronize,Write,Delete,CreateFiles,CreateDirectories,Modify,ListDirectory",AKZ523,ThisFolderSubFoldersAndFiles,UsualConvertedRight,2,VOLDATAH,5a685d0e2525b99975921f00
792,/HOME/FAF643,"Read,ReadAndExecute,Synchronize,Write,Delete,CreateFiles,CreateDirectories,Modify,ListDirectory",FAF643,ThisFolderSubFoldersAndFiles,UsualConvertedRight,2,VOLDATAH,5a685d0e2525b99975921f02
793,/HOME/MOB117,"Read,ReadAndExecute,Synchronize,Write,Delete,CreateFiles,CreateDirectories,Modify,ListDirectory",MOB117,ThisFolderSubFoldersAndFiles,UsualConvertedRight,2,VOLDATAH,5a685d0e2525b99975921f04
794,/HOME/UGX760,"Read,ReadAndExecute,Synchronize,Write,Delete,CreateFiles,CreateDirectories,Modify,ListDirectory",UGX760,ThisFolderSubFoldersAndFiles,UsualConvertedRight,2,VOLDATAH,5a685d0e2525b99975921f06
795,/HOME/SDZ970,"Read,ReadAndExecute,Synchronize,Write,Delete,CreateFiles,CreateDirectories,Modify,ListDirectory",SDZ970,ThisFolderSubFoldersAndFiles,UsualConvertedRight,2,VOLDATAH,5a685d0e2525b99975921f08
796,/HOME/OPX648,"Read,ReadAndExecute,Synchronize,Write,Delete,CreateFiles,CreateDirectories,Modify,ListDirectory",OPX648,ThisFolderSubFoldersAndFiles,UsualConvertedRight,2,VOLDATAH,5a685d0e2525b99975921f0a
797,/HOME/BSJ454,"Read,ReadAndExecute,Synchronize,Write,Delete,CreateFiles,CreateDirectories,Modify,ListDirectory",BSJ454,ThisFolderSubFoldersAndFiles,UsualConvertedRight,2,VOLDATAH,5a685d0e2525b99975921f0c
798,/HOME/XSQ881,"Read,ReadAndExecute,Synchronize,Write,Delete,CreateFiles,CreateDirectories,Modify,ListDirectory",XSQ881,ThisFolderSubFoldersAndFiles,UsualConvertedRight,2,VOLDATAH,5a685d0e2525b99975921f0e
799,/HOME/BGS397,"Read,ReadAndExecute,Synchronize,Write,Delete,CreateFiles,CreateDirectories,Modify,ListDirectory",BGS397,ThisFolderSubFoldersAndFiles,UsualConvertedRight,2,VOLDATAH,5a685d0e2525b99975921f10
800,/HOME,"Read,ReadAndExecute,Synchronize",TRVGRP-HOM-12f61ce262,ThisFolderOnly,TraverseRights,2,VOLDATAH,5a685d132525b99975923512
801,/HOME/CGSD,"Read,ReadAndExecute,Synchronize",TRVGRP-HOMCGS-820f8a4058,ThisFolderOnly,TraverseRights,2,VOLDATAH,5a685d132525b99975923516
802,/HOME/CMBL/exLDHM,"Read,ReadAndExecute,Synchronize",TRVGRP-HOMCMBexL-3345f969d1,ThisFolderOnly,TraverseRights,2,VOLDATAH,5a685d132525b9997592351a
803,/HOME/CMBL,"Read,ReadAndExecute,Synchronize",TRVGRP-HOMCMB-1dc9892d30,ThisFolderOnly,TraverseRights,2,VOLDATAH,5a685d132525b9997592351e
804,/HOME/REGIE1,"Read,ReadAndExecute,Synchronize",TRVGRP-HOMREG-0d812a0df6,ThisFolderOnly,TraverseRights,2,VOLDATAH,5a685d132525b99975923522
805,/HOME/XDPD,"Read,ReadAndExecute,Synchronize",TRVGRP-HOMXDP-07f8a18ebc,ThisFolderOnly,TraverseRights,2,VOLDATAH,5a685d132525b99975923526
806,/HOME/INVENTAIRE,"Read,ReadAndExecute,Synchronize",TRVGRP-HOMINV-c330acf1ec,ThisFolderOnly,TraverseRights,2,VOLDATAH,5a685d132525b9997592352a
807,/HOME/ICUN/RESTAURATION G-Bernier,"Read,ReadAndExecute,Synchronize",TRVGRP-HOMICURES-a070fa2017,ThisFolderOnly,TraverseRights,2,VOLDATAH,5a685d132525b9997592352e
808,/HOME/ICUN,"Read,ReadAndExecute,Synchronize",TRVGRP-HOMICU-0b80f915c9,ThisFolderOnly,TraverseRights,2,VOLDATAH,5a685d132525b99975923532
